0	1	1326	223
0	2	1803	290
0	3	910	616
0	4	1172	524
0	5	819	630
0	6	686	122
0	7	702	56
0	8	1458	206
0	9	941	101
0	10	555	114
0	11	1106	182
0	12	684	556
0	13	541	566
0	14	978	136
0	15	1042	333
0	16	1097	315
0	17	1494	241
0	18	606	193
0	19	881	208
0	20	821	204
10	1	1267	230
10	2	1764	281
10	3	856	616
10	4	1185	509
10	5	762	618
10	6	662	120
10	7	663	54
10	8	1426	198
10	9	910	96
10	10	531	110
10	11	1094	175
10	12	726	559
10	13	590	568
10	14	942	133
10	15	1015	320
10	16	1057	311
10	17	1447	240
10	18	651	196
10	19	918	212
10	20	857	211
20	1	1219	239
20	2	1713	272
20	3	796	603
20	4	1197	491
20	5	701	605
20	6	621	112
20	7	629	51
20	8	1388	197
20	9	881	91
20	10	506	106
20	11	1075	171
20	12	770	562
20	13	631	571
20	14	900	130
20	15	996	314
20	16	1033	305
20	17	1403	233
20	18	693	196
20	19	954	217
20	20	896	214
30	1	1158	250
30	2	1680	263
30	3	747	594
30	4	1195	474
30	5	657	605
30	6	592	115
30	7	593	51
30	8	1348	192
30	9	839	87
30	10	474	105
30	11	1045	170
30	12	811	568
30	13	676	571
30	14	860	127
30	15	963	314
30	16	1008	296
30	17	1362	230
30	18	729	199
30	19	987	217
30	20	929	217
40	1	1095	256
40	2	1659	253
40	3	693	579
40	4	1195	462
40	5	594	592
40	6	561	108
40	7	559	47
40	8	1324	183
40	9	811	85
40	10	447	104
40	11	1020	170
40	12	851	570
40	13	721	576
40	14	818	123
40	15	940	309
40	16	988	291
40	17	1320	223
40	18	769	202
40	19	1017	222
40	20	967	221
50	1	1033	262
50	2	1620	249
50	3	642	579
50	4	1191	446
50	5	536	578
50	6	525	103
50	7	531	45
50	8	1287	178
50	9	776	81
50	10	409	98
50	11	991	166
50	12	904	566
50	13	769	582
50	14	781	122
50	15	921	303
50	16	975	283
50	17	1284	215
50	18	802	211
50	19	1065	228
50	20	1002	224
60	1	963	278
60	2	1585	242
60	3	580	570
60	4	1182	424
60	5	471	566
60	6	493	101
60	7	492	45
60	8	1260	175
60	9	735	79
60	10	376	98
60	11	964	167
60	12	932	576
60	13	815	581
60	14	740	118
60	15	890	298
60	16	950	272
60	17	1242	211
60	18	834	212
60	19	1114	230
60	20	1047	232
70	1	877	288
70	2	1549	230
70	3	517	562
70	4	1180	406
70	5	411	559
70	6	460	99
70	7	456	42
70	8	1234	171
70	9	707	77
70	10	346	96
70	11	940	157
70	12	973	581
70	13	868	586
70	14	702	110
70	15	863	292
70	16	920	269
70	17	1205	203
70	18	864	218
70	19	1159	232
70	20	1093	235
80	1	776	286
80	2	1502	223
80	3	464	550
80	4	1154	391
80	5	366	553
80	6	424	96
80	7	428	38
80	8	1208	165
80	9	671	76
80	10	317	94
80	11	909	155
80	12	1012	591
80	13	926	588
80	14	665	111
80	15	836	286
80	16	890	265
80	17	1180	198
80	18	879	224
80	19	1214	239
80	20	1142	238
90	1	681	293
90	2	1463	217
90	3	421	539
90	4	1133	381
90	5	323	542
90	6	398	97
90	7	396	40
90	8	1199	157
90	9	634	76
90	10	287	92
90	11	882	154
90	12	1042	596
90	13	975	591
90	14	624	109
90	15	805	281
90	16	850	262
90	17	1151	188
90	18	901	229
90	19	1258	246
90	20	1197	244
100	1	605	287
100	2	1424	207
100	3	387	528
100	4	1096	364
100	5	289	530
100	6	371	92
100	7	368	35
100	8	1180	150
100	9	604	74
100	10	267	91
100	11	856	145
100	12	1080	603
100	13	1029	595
100	14	590	106
100	15	774	277
100	16	810	255
100	17	1136	179
100	18	919	237
100	19	1301	248
100	20	1220	243
110	1	528	291
110	2	1369	203
110	3	345	508
110	4	1066	355
110	5	263	526
110	6	340	91
110	7	335	32
110	8	1148	146
110	9	567	71
110	10	239	88
110	11	817	144
110	12	1142	603
110	13	1083	600
110	14	551	106
110	15	749	272
110	16	776	253
110	17	1119	176
110	18	948	248
110	19	1347	257
110	20	1288	250
120	1	464	296
120	2	1338	200
120	3	319	496
120	4	1041	336
120	5	234	508
120	6	313	91
120	7	308	29
120	8	1121	140
120	9	536	69
120	10	215	84
120	11	791	139
120	12	1197	607
120	13	1136	604
120	14	508	107
120	15	708	266
120	16	743	254
120	17	1088	170
120	18	975	253
120	19	1386	261
120	20	1332	256
130	1	395	303
130	2	1303	191
130	3	287	487
130	4	994	327
130	5	202	502
130	6	290	90
130	7	289	26
130	8	1092	135
130	9	509	67
130	10	189	85
130	11	764	131
130	12	1259	605
130	13	1191	607
130	14	471	105
130	15	678	266
130	16	697	248
130	17	1063	165
130	18	990	260
130	19	1440	269
130	20	1376	267
140	1	319	300
140	2	1265	184
140	3	260	477
140	4	957	313
140	5	167	497
140	6	252	88
140	7	270	20
140	8	1057	132
140	9	473	65
140	10	162	82
140	11	731	127
140	12	1314	608
140	13	1243	612
140	14	437	104
140	15	650	261
140	16	674	239
140	17	1039	160
140	18	1019	268
140	19	1489	275
140	20	1424	273
150	1	256	301
150	2	1232	180
150	3	228	467
150	4	905	304
150	5	134	477
150	6	223	88
150	7	245	19
150	8	1027	133
150	9	443	64
150	10	135	78
150	11	700	125
150	12	1369	606
150	13	1284	612
150	14	396	104
150	15	618	251
150	16	648	236
150	17	1002	159
150	18	1055	277
150	19	1543	283
150	20	1479	279
160	1	202	297
160	2	1203	174
160	3	187	459
160	4	866	293
160	5	103	464
160	6	200	87
160	7	223	13
160	8	998	128
160	9	416	63
160	10	110	76
160	11	673	121
160	12	1420	613
160	13	1325	619
160	14	365	101
160	15	602	250
160	16	628	232
160	17	973	154
160	18	1094	278
160	19	1593	287
160	20	1523	286
170	1	135	303
170	2	1166	165
170	3	159	444
170	4	834	285
170	5	70	453
170	6	174	85
170	7	193	11
170	8	968	126
170	9	386	62
170	10	86	76
170	11	641	118
170	12	1463	619
170	13	1369	617
170	14	333	98
170	15	581	243
170	16	600	229
170	17	948	151
170	18	1127	285
170	19	1636	291
170	20	1568	295
180	1	64	300
180	2	1140	162
180	3	133	438
180	4	807	271
180	5	46	444
180	6	148	85
180	7	164	8
180	8	941	120
180	9	359	59
180	10	63	68
180	11	618	114
180	12	1509	619
180	13	1416	621
180	14	300	99
180	15	551	237
180	16	570	223
180	17	914	149
180	18	1162	288
180	19	1686	298
180	20	1618	301
190	1	6	298
190	2	1108	156
190	3	110	428
190	4	794	256
190	5	17	434
190	6	131	84
190	7	130	10
190	8	911	116
190	9	326	59
190	10	36	63
190	11	585	112
190	12	1556	622
190	13	1462	625
190	14	272	96
190	15	523	235
190	16	536	218
190	17	883	145
190	18	1213	299
190	19	1735	304
190	20	1665	307
