0	1	1906	257
0	2	1744	77
0	3	1761	127
0	4	1541	155
0	5	763	107
0	6	1059	352
0	7	983	360
0	8	649	938
0	9	1419	491
0	10	1757	262
0	11	1157	193
0	12	790	696
0	13	1202	86
0	14	1033	79
0	15	1326	633
0	16	1568	687
0	17	1459	612
0	18	1438	611
0	19	183	764
0	20	1320	839
10	1	1906	257
10	2	1744	77
10	3	1761	127
10	4	1526	165
10	5	766	107
10	6	1056	344
10	7	991	352
10	8	651	938
10	9	1402	497
10	10	1766	260
10	11	1160	192
10	12	803	693
10	13	1248	88
10	14	1007	78
10	15	1330	632
10	16	1567	687
10	17	1459	613
10	18	1442	612
10	19	173	765
10	20	1321	839
20	1	1906	257
20	2	1744	77
20	3	1761	127
20	4	1514	176
20	5	767	107
20	6	1058	333
20	7	994	347
20	8	653	938
20	9	1391	508
20	10	1767	259
20	11	1161	192
20	12	809	688
20	13	1284	95
20	14	986	76
20	15	1333	631
20	16	1567	687
20	17	1458	615
20	18	1447	612
20	19	157	767
20	20	1321	840
30	1	1906	257
30	2	1744	77
30	3	1761	127
30	4	1502	188
30	5	768	107
30	6	1054	323
30	7	1010	343
30	8	655	938
30	9	1375	521
30	10	1767	259
30	11	1166	191
30	12	808	683
30	13	1311	103
30	14	964	80
30	15	1337	630
30	16	1566	687
30	17	1458	616
30	18	1451	613
30	19	156	767
30	20	1321	840
40	1	1906	257
40	2	1744	77
40	3	1761	127
40	4	1502	188
40	5	770	107
40	6	1054	319
40	7	997	330
40	8	656	939
40	9	1350	531
40	10	1767	259
40	11	1172	190
40	12	806	679
40	13	1338	112
40	14	943	78
40	15	1339	629
40	16	1565	687
40	17	1458	617
40	18	1456	614
40	19	164	763
40	20	1321	840
50	1	1906	257
50	2	1744	77
50	3	1761	128
50	4	1511	196
50	5	776	108
50	6	1055	310
50	7	982	322
50	8	658	939
50	9	1337	539
50	10	1767	259
50	11	1177	189
50	12	794	676
50	13	1362	118
50	14	927	74
50	15	1340	629
50	16	1564	687
50	17	1457	617
50	18	1461	615
50	19	163	766
50	20	1322	840
60	1	1906	257
60	2	1744	76
60	3	1761	128
60	4	1518	203
60	5	789	109
60	6	1058	304
60	7	984	313
60	8	660	939
60	9	1323	549
60	10	1767	259
60	11	1182	188
60	12	774	675
60	13	1388	125
60	14	906	72
60	15	1341	629
60	16	1563	687
60	17	1456	617
60	18	1465	616
60	19	160	766
60	20	1322	840
70	1	1906	257
70	2	1744	75
70	3	1761	128
70	4	1531	214
70	5	803	106
70	6	1061	297
70	7	986	312
70	8	657	951
70	9	1305	556
70	10	1767	259
70	11	1184	187
70	12	759	671
70	13	1411	135
70	14	884	71
70	15	1342	629
70	16	1563	687
70	17	1455	618
70	18	1470	616
70	19	158	763
70	20	1322	840
80	1	1906	257
80	2	1744	73
80	3	1761	128
80	4	1546	220
80	5	810	104
80	6	1055	289
80	7	987	306
80	8	654	963
80	9	1289	565
80	10	1767	259
80	11	1184	186
80	12	749	664
80	13	1432	144
80	14	870	71
80	15	1343	628
80	16	1562	687
80	17	1455	618
80	18	1474	617
80	19	156	763
80	20	1323	840
90	1	1906	257
90	2	1744	72
90	3	1761	128
90	4	1553	223
90	5	824	103
90	6	1052	282
90	7	988	301
90	8	664	960
90	9	1274	576
90	10	1767	259
90	11	1192	187
90	12	740	660
90	13	1453	150
90	14	855	70
90	15	1344	628
90	16	1561	687
90	17	1457	618
90	18	1479	618
90	19	155	762
90	20	1323	839
100	1	1906	257
100	2	1745	71
100	3	1762	129
100	4	1564	236
100	5	838	102
100	6	1050	271
100	7	985	290
100	8	669	966
100	9	1258	587
100	10	1767	259
100	11	1201	188
100	12	725	656
100	13	1464	156
100	14	832	71
100	15	1345	628
100	16	1560	687
100	17	1460	619
100	18	1484	619
100	19	154	762
100	20	1323	839
110	1	1906	257
110	2	1745	70
110	3	1762	129
110	4	1576	245
110	5	849	101
110	6	1037	269
110	7	989	286
110	8	674	974
110	9	1244	592
110	10	1767	259
110	11	1206	187
110	12	706	653
110	13	1480	167
110	14	814	67
110	15	1346	628
110	16	1559	687
110	17	1464	620
110	18	1488	620
110	19	153	761
110	20	1324	839
120	1	1906	257
120	2	1745	71
120	3	1762	129
120	4	1589	249
120	5	858	99
120	6	1025	267
120	7	979	280
120	8	679	983
120	9	1223	605
120	10	1767	259
120	11	1215	187
120	12	690	647
120	13	1492	179
120	14	802	64
120	15	1347	627
120	16	1558	687
120	17	1462	618
120	18	1493	621
120	19	153	761
120	20	1324	839
130	1	1906	257
130	2	1744	72
130	3	1762	129
130	4	1605	255
130	5	874	99
130	6	1006	259
130	7	958	271
130	8	684	992
130	9	1203	615
130	10	1767	259
130	11	1228	182
130	12	698	649
130	13	1506	193
130	14	785	65
130	15	1348	627
130	16	1557	687
130	17	1469	621
130	18	1523	621
130	19	153	761
130	20	1325	839
140	1	1906	257
140	2	1744	73
140	3	1762	129
140	4	1612	266
140	5	891	95
140	6	983	254
140	7	939	266
140	8	679	998
140	9	1187	621
140	10	1767	259
140	11	1237	177
140	12	721	642
140	13	1522	204
140	14	774	67
140	15	1347	627
140	16	1556	687
140	17	1482	621
140	18	1539	621
140	19	153	760
140	20	1325	839
150	1	1906	257
150	2	1743	73
150	3	1762	130
150	4	1612	272
150	5	914	97
150	6	962	246
150	7	907	261
150	8	669	1005
150	9	1169	629
150	10	1767	259
150	11	1247	177
150	12	743	625
150	13	1536	209
150	14	766	68
150	15	1342	628
150	16	1556	687
150	17	1487	619
150	18	1538	621
150	19	153	760
150	20	1325	839
160	1	1906	257
160	2	1743	73
160	3	1762	130
160	4	1609	273
160	5	935	99
160	6	932	235
160	7	870	258
160	8	664	1012
160	9	1156	636
160	10	1767	260
160	11	1250	181
160	12	756	608
160	13	1554	216
160	14	760	66
160	15	1337	628
160	16	1555	687
160	17	1487	619
160	18	1537	621
160	19	153	761
160	20	1326	839
170	1	1906	257
170	2	1743	73
170	3	1762	130
170	4	1598	283
170	5	948	98
170	6	899	231
170	7	834	253
170	8	659	1019
170	9	1149	648
170	10	1768	262
170	11	1249	186
170	12	773	595
170	13	1572	227
170	14	746	62
170	15	1332	629
170	16	1554	687
170	17	1487	619
170	18	1535	621
170	19	152	762
170	20	1326	839
180	1	1906	257
180	2	1743	73
180	3	1762	130
180	4	1596	296
180	5	960	98
180	6	857	225
180	7	784	245
180	8	659	1026
180	9	1135	658
180	10	1767	265
180	11	1248	187
180	12	782	589
180	13	1590	229
180	14	738	58
180	15	1327	630
180	16	1553	687
180	17	1487	619
180	18	1533	621
180	19	151	764
180	20	1326	838
190	1	1906	257
190	2	1743	73
190	3	1762	130
190	4	1605	306
190	5	977	98
190	6	811	221
190	7	762	240
190	8	668	1030
190	9	1117	666
190	10	1765	265
190	11	1247	185
190	12	791	582
190	13	1623	239
190	14	734	56
190	15	1314	630
190	16	1552	687
190	17	1487	619
190	18	1531	621
190	19	149	765
190	20	1327	838
