0	1	555	114
0	2	1106	182
0	3	684	556
0	4	541	566
0	5	978	136
0	6	1042	333
0	7	1097	315
0	8	1494	241
0	9	606	193
0	10	881	208
0	11	821	204
0	12	444	162
0	13	1571	262
0	14	573	343
0	15	327	16
0	16	453	134
0	17	359	159
0	18	1159	193
0	19	285	142
0	20	661	99
10	1	531	110
10	2	1094	175
10	3	726	559
10	4	590	568
10	5	942	133
10	6	1015	320
10	7	1057	311
10	8	1447	240
10	9	651	196
10	10	918	212
10	11	857	211
10	12	476	166
10	13	1529	261
10	14	540	338
10	15	340	16
10	16	494	143
10	17	389	170
10	18	1133	190
10	19	303	145
10	20	648	92
20	1	506	106
20	2	1075	171
20	3	770	562
20	4	631	571
20	5	900	130
20	6	996	314
20	7	1033	305
20	8	1403	233
20	9	693	196
20	10	954	217
20	11	896	214
20	12	512	172
20	13	1489	256
20	14	509	329
20	15	353	16
20	16	536	149
20	17	423	179
20	18	1105	192
20	19	313	145
20	20	636	90
30	1	474	105
30	2	1045	170
30	3	811	568
30	4	676	571
30	5	860	127
30	6	963	314
30	7	1008	296
30	8	1362	230
30	9	729	199
30	10	987	217
30	11	929	217
30	12	542	178
30	13	1449	252
30	14	474	324
30	15	369	15
30	16	588	152
30	17	453	182
30	18	1076	187
30	19	353	155
30	20	626	88
40	1	447	104
40	2	1020	170
40	3	851	570
40	4	721	576
40	5	818	123
40	6	940	309
40	7	988	291
40	8	1320	223
40	9	769	202
40	10	1017	222
40	11	967	221
40	12	568	184
40	13	1407	251
40	14	446	315
40	15	386	14
40	16	651	156
40	17	485	189
40	18	1052	181
40	19	375	161
40	20	618	83
50	1	409	98
50	2	991	166
50	3	904	566
50	4	769	582
50	5	781	122
50	6	921	303
50	7	975	283
50	8	1284	215
50	9	802	211
50	10	1065	228
50	11	1002	224
50	12	597	187
50	13	1370	246
50	14	409	310
50	15	402	12
50	16	707	152
50	17	524	192
50	18	1030	177
50	19	406	163
50	20	611	80
60	1	376	98
60	2	964	167
60	3	932	576
60	4	815	581
60	5	740	118
60	6	890	298
60	7	950	272
60	8	1242	211
60	9	834	212
60	10	1114	230
60	11	1047	232
60	12	622	195
60	13	1333	240
60	14	377	302
60	15	415	10
60	16	761	156
60	17	556	200
60	18	1003	175
60	19	431	169
60	20	609	71
70	1	346	96
70	2	940	157
70	3	973	581
70	4	868	586
70	5	702	110
70	6	863	292
70	7	920	269
70	8	1205	203
70	9	864	218
70	10	1159	232
70	11	1093	235
70	12	652	200
70	13	1291	236
70	14	351	296
70	15	425	11
70	16	797	166
70	17	588	202
70	18	980	166
70	19	446	173
70	20	610	65
80	1	317	94
80	2	909	155
80	3	1012	591
80	4	926	588
80	5	665	111
80	6	836	286
80	7	890	265
80	8	1180	198
80	9	879	224
80	10	1214	239
80	11	1142	238
80	12	677	207
80	13	1262	230
80	14	327	290
80	15	436	11
80	16	834	172
80	17	616	210
80	18	948	160
80	19	467	179
80	20	610	60
90	1	287	92
90	2	882	154
90	3	1042	596
90	4	975	591
90	5	624	109
90	6	805	281
90	7	850	262
90	8	1151	188
90	9	901	229
90	10	1258	246
90	11	1197	244
90	12	706	214
90	13	1228	226
90	14	298	287
90	15	445	12
90	16	873	178
90	17	638	217
90	18	920	156
90	19	499	185
90	20	611	55
100	1	267	91
100	2	856	145
100	3	1080	603
100	4	1029	595
100	5	590	106
100	6	774	277
100	7	810	255
100	8	1136	179
100	9	919	237
100	10	1301	248
100	11	1220	243
100	12	739	214
100	13	1192	223
100	14	281	280
100	15	446	11
100	16	924	184
100	17	663	222
100	18	893	157
100	19	533	185
100	20	603	53
110	1	239	88
110	2	817	144
110	3	1142	603
110	4	1083	600
110	5	551	106
110	6	749	272
110	7	776	253
110	8	1119	176
110	9	948	248
110	10	1347	257
110	11	1288	250
110	12	769	225
110	13	1158	220
110	14	266	277
110	15	447	11
110	16	998	194
110	17	683	233
110	18	856	150
110	19	569	193
110	20	595	52
120	1	215	84
120	2	791	139
120	3	1197	607
120	4	1136	604
120	5	508	107
120	6	708	266
120	7	743	254
120	8	1088	170
120	9	975	253
120	10	1386	261
120	11	1332	256
120	12	807	234
120	13	1125	213
120	14	250	268
120	15	446	11
120	16	1088	197
120	17	719	236
120	18	825	144
120	19	600	194
120	20	591	49
130	1	189	85
130	2	764	131
130	3	1259	605
130	4	1191	607
130	5	471	105
130	6	678	266
130	7	697	248
130	8	1063	165
130	9	990	260
130	10	1440	269
130	11	1376	267
130	12	842	234
130	13	1084	213
130	14	239	265
130	15	440	11
130	16	1162	203
130	17	756	240
130	18	803	141
130	19	635	199
130	20	588	46
140	1	162	82
140	2	731	127
140	3	1314	608
140	4	1243	612
140	5	437	104
140	6	650	261
140	7	674	239
140	8	1039	160
140	9	1019	268
140	10	1489	275
140	11	1424	273
140	12	880	241
140	13	1051	209
140	14	228	263
140	15	433	11
140	16	1236	216
140	17	786	247
140	18	774	138
140	19	670	201
140	20	585	43
150	1	135	78
150	2	700	125
150	3	1369	606
150	4	1284	612
150	5	396	104
150	6	618	251
150	7	648	236
150	8	1002	159
150	9	1055	277
150	10	1543	283
150	11	1479	279
150	12	924	251
150	13	1014	201
150	14	213	258
150	15	432	11
150	16	1306	232
150	17	824	251
150	18	749	137
150	19	704	211
150	20	602	42
160	1	110	76
160	2	673	121
160	3	1420	613
160	4	1325	619
160	5	365	101
160	6	602	250
160	7	628	232
160	8	973	154
160	9	1094	278
160	10	1593	287
160	11	1523	286
160	12	966	256
160	13	983	200
160	14	205	256
160	15	432	11
160	16	1373	238
160	17	856	260
160	18	730	130
160	19	745	215
160	20	622	39
170	1	86	76
170	2	641	118
170	3	1463	619
170	4	1369	617
170	5	333	98
170	6	581	243
170	7	600	229
170	8	948	151
170	9	1127	285
170	10	1636	291
170	11	1568	295
170	12	1010	262
170	13	948	194
170	14	189	249
170	15	414	13
170	16	1444	253
170	17	897	267
170	18	694	126
170	19	781	216
170	20	636	35
180	1	63	68
180	2	618	114
180	3	1509	619
180	4	1416	621
180	5	300	99
180	6	551	237
180	7	570	223
180	8	914	149
180	9	1162	288
180	10	1686	298
180	11	1618	301
180	12	1055	266
180	13	915	191
180	14	161	243
180	15	395	12
180	16	1519	265
180	17	939	274
180	18	667	122
180	19	827	222
180	20	651	30
190	1	36	63
190	2	585	112
190	3	1556	622
190	4	1462	625
190	5	272	96
190	6	523	235
190	7	536	218
190	8	883	145
190	9	1213	299
190	10	1735	304
190	11	1665	307
190	12	1100	272
190	13	877	191
190	14	141	236
190	15	386	15
190	16	1603	275
190	17	983	279
190	18	639	119
190	19	868	226
190	20	669	29
