0	1	1595	97
0	2	842	150
0	3	462	632
0	4	1838	289
0	5	792	188
0	6	382	789
0	7	1472	274
0	8	1906	257
0	9	1744	77
0	10	1761	127
0	11	1541	155
0	12	763	107
0	13	1059	352
0	14	983	360
0	15	649	938
0	16	1419	491
0	17	1757	262
0	18	1157	193
0	19	790	696
0	20	1202	86
10	1	1588	101
10	2	842	150
10	3	499	648
10	4	1790	287
10	5	787	183
10	6	368	781
10	7	1472	268
10	8	1906	257
10	9	1744	77
10	10	1761	127
10	11	1526	165
10	12	766	107
10	13	1056	344
10	14	991	352
10	15	651	938
10	16	1402	497
10	17	1766	260
10	18	1160	192
10	19	803	693
10	20	1248	88
20	1	1588	107
20	2	843	151
20	3	553	664
20	4	1765	285
20	5	787	181
20	6	366	775
20	7	1471	262
20	8	1906	257
20	9	1744	77
20	10	1761	127
20	11	1514	176
20	12	767	107
20	13	1058	333
20	14	994	347
20	15	653	938
20	16	1391	508
20	17	1767	259
20	18	1161	192
20	19	809	688
20	20	1284	95
30	1	1588	113
30	2	844	151
30	3	579	667
30	4	1739	287
30	5	796	182
30	6	379	772
30	7	1458	256
30	8	1906	257
30	9	1744	77
30	10	1761	127
30	11	1502	188
30	12	768	107
30	13	1054	323
30	14	1010	343
30	15	655	938
30	16	1375	521
30	17	1767	259
30	18	1166	191
30	19	808	683
30	20	1311	103
40	1	1585	117
40	2	843	151
40	3	605	671
40	4	1725	286
40	5	817	182
40	6	380	768
40	7	1447	251
40	8	1906	257
40	9	1744	77
40	10	1761	127
40	11	1502	188
40	12	770	107
40	13	1054	319
40	14	997	330
40	15	656	939
40	16	1350	531
40	17	1767	259
40	18	1172	190
40	19	806	679
40	20	1338	112
50	1	1594	122
50	2	842	151
50	3	631	675
50	4	1721	284
50	5	843	179
50	6	369	758
50	7	1429	244
50	8	1906	257
50	9	1744	77
50	10	1761	128
50	11	1511	196
50	12	776	108
50	13	1055	310
50	14	982	322
50	15	658	939
50	16	1337	539
50	17	1767	259
50	18	1177	189
50	19	794	676
50	20	1362	118
60	1	1597	131
60	2	841	151
60	3	629	686
60	4	1719	284
60	5	860	177
60	6	343	745
60	7	1416	238
60	8	1906	257
60	9	1744	76
60	10	1761	128
60	11	1518	203
60	12	789	109
60	13	1058	304
60	14	984	313
60	15	660	939
60	16	1323	549
60	17	1767	259
60	18	1182	188
60	19	774	675
60	20	1388	125
70	1	1593	135
70	2	841	152
70	3	636	698
70	4	1716	283
70	5	867	177
70	6	308	741
70	7	1411	229
70	8	1906	257
70	9	1744	75
70	10	1761	128
70	11	1531	214
70	12	803	106
70	13	1061	297
70	14	986	312
70	15	657	951
70	16	1305	556
70	17	1767	259
70	18	1184	187
70	19	759	671
70	20	1411	135
80	1	1601	140
80	2	843	151
80	3	642	716
80	4	1714	283
80	5	869	178
80	6	272	737
80	7	1407	221
80	8	1906	257
80	9	1744	73
80	10	1761	128
80	11	1546	220
80	12	810	104
80	13	1055	289
80	14	987	306
80	15	654	963
80	16	1289	565
80	17	1767	259
80	18	1184	186
80	19	749	664
80	20	1432	144
90	1	1604	144
90	2	843	151
90	3	649	733
90	4	1707	284
90	5	869	178
90	6	236	730
90	7	1411	214
90	8	1906	257
90	9	1744	72
90	10	1761	128
90	11	1553	223
90	12	824	103
90	13	1052	282
90	14	988	301
90	15	664	960
90	16	1274	576
90	17	1767	259
90	18	1192	187
90	19	740	660
90	20	1453	150
100	1	1594	147
100	2	836	151
100	3	651	742
100	4	1686	285
100	5	869	179
100	6	216	724
100	7	1412	208
100	8	1906	257
100	9	1745	71
100	10	1762	129
100	11	1564	236
100	12	838	102
100	13	1050	271
100	14	985	290
100	15	669	966
100	16	1258	587
100	17	1767	259
100	18	1201	188
100	19	725	656
100	20	1464	156
110	1	1592	153
110	2	836	151
110	3	646	747
110	4	1652	285
110	5	869	180
110	6	208	721
110	7	1411	202
110	8	1906	257
110	9	1745	70
110	10	1762	129
110	11	1576	245
110	12	849	101
110	13	1037	269
110	14	989	286
110	15	674	974
110	16	1244	592
110	17	1767	259
110	18	1206	187
110	19	706	653
110	20	1480	167
120	1	1587	161
120	2	837	152
120	3	637	766
120	4	1608	285
120	5	870	180
120	6	201	719
120	7	1415	195
120	8	1906	257
120	9	1745	71
120	10	1762	129
120	11	1589	249
120	12	858	99
120	13	1025	267
120	14	979	280
120	15	679	983
120	16	1223	605
120	17	1767	259
120	18	1215	187
120	19	690	647
120	20	1492	179
130	1	1577	167
130	2	837	152
130	3	631	782
130	4	1565	286
130	5	873	181
130	6	205	717
130	7	1419	189
130	8	1906	257
130	9	1744	72
130	10	1762	129
130	11	1605	255
130	12	874	99
130	13	1006	259
130	14	958	271
130	15	684	992
130	16	1203	615
130	17	1767	259
130	18	1228	182
130	19	698	649
130	20	1506	193
140	1	1577	168
140	2	837	152
140	3	616	789
140	4	1514	290
140	5	876	181
140	6	213	714
140	7	1420	182
140	8	1906	257
140	9	1744	73
140	10	1762	129
140	11	1612	266
140	12	891	95
140	13	983	254
140	14	939	266
140	15	679	998
140	16	1187	621
140	17	1767	259
140	18	1237	177
140	19	721	642
140	20	1522	204
150	1	1577	174
150	2	837	152
150	3	606	804
150	4	1453	294
150	5	881	183
150	6	220	710
150	7	1421	175
150	8	1906	257
150	9	1743	73
150	10	1762	130
150	11	1612	272
150	12	914	97
150	13	962	246
150	14	907	261
150	15	669	1005
150	16	1169	629
150	17	1767	259
150	18	1247	177
150	19	743	625
150	20	1536	209
160	1	1580	181
160	2	837	152
160	3	597	823
160	4	1396	300
160	5	883	182
160	6	228	715
160	7	1420	174
160	8	1906	257
160	9	1743	73
160	10	1762	130
160	11	1609	273
160	12	935	99
160	13	932	235
160	14	870	258
160	15	664	1012
160	16	1156	636
160	17	1767	260
160	18	1250	181
160	19	756	608
160	20	1554	216
170	1	1588	184
170	2	837	152
170	3	571	839
170	4	1346	304
170	5	882	179
170	6	250	722
170	7	1412	168
170	8	1906	257
170	9	1743	73
170	10	1762	130
170	11	1598	283
170	12	948	98
170	13	899	231
170	14	834	253
170	15	659	1019
170	16	1149	648
170	17	1768	262
170	18	1249	186
170	19	773	595
170	20	1572	227
180	1	1588	189
180	2	837	152
180	3	521	854
180	4	1289	305
180	5	881	177
180	6	265	723
180	7	1412	160
180	8	1906	257
180	9	1743	73
180	10	1762	130
180	11	1596	296
180	12	960	98
180	13	857	225
180	14	784	245
180	15	659	1026
180	16	1135	658
180	17	1767	265
180	18	1248	187
180	19	782	589
180	20	1590	229
190	1	1586	198
190	2	838	152
190	3	459	868
190	4	1236	306
190	5	881	175
190	6	266	722
190	7	1422	156
190	8	1906	257
190	9	1743	73
190	10	1762	130
190	11	1605	306
190	12	977	98
190	13	811	221
190	14	762	240
190	15	668	1030
190	16	1117	666
190	17	1765	265
190	18	1247	185
190	19	791	582
190	20	1623	239
