0.000000	1.000000	-12.843600	-0.345279
0.000000	2.000000	-13.855186	-0.282695
0.000000	3.000000	-16.104473	-0.823727
0.000000	4.000000	14.739644	3.939770
0.000000	5.000000	13.387140	3.435115
0.000000	6.000000	-3.758749	6.563254
0.000000	7.000000	-4.361452	6.755605
0.000000	8.000000	-7.697785	-0.447423
0.000000	9.000000	-2.746545	-0.055103
0.000000	10.000000	-1.829477	0.236668
0.000000	11.000000	5.573004	-5.758557
0.000000	12.000000	8.968761	-5.550624
0.000000	13.000000	-16.702298	-0.822486
0.000000	14.000000	6.793492	2.924303
0.000000	15.000000	-13.994642	-0.295556
0.000000	16.000000	-11.700558	-0.882383
0.000000	17.000000	-10.645994	-0.802820
0.000000	18.000000	-6.003422	0.075707
0.000000	19.000000	-4.616012	0.380113
0.000000	20.000000	-0.242182	0.549242
1.000000	1.000000	-34.023245	-2.020988
1.000000	2.000000	-34.530037	-1.197164
1.000000	3.000000	-40.985676	-1.615252
1.000000	4.000000	24.694703	7.663989
1.000000	5.000000	24.027468	7.342220
1.000000	6.000000	-7.501752	13.119550
1.000000	7.000000	-8.098753	13.194888
1.000000	8.000000	-20.121599	-1.732624
1.000000	9.000000	-4.905498	-0.369419
1.000000	10.000000	-3.021481	-0.172372
1.000000	11.000000	13.406135	-12.735148
1.000000	12.000000	21.545545	-13.587371
1.000000	13.000000	-38.875588	-1.717215
1.000000	14.000000	10.726575	5.718754
1.000000	15.000000	-29.222981	-1.079107
1.000000	16.000000	-23.240045	-1.930736
1.000000	17.000000	-27.054545	-1.459280
1.000000	18.000000	-12.578928	-0.344940
1.000000	19.000000	-12.601186	-0.319685
1.000000	20.000000	-1.423336	0.232996
2.000000	1.000000	-27.153123	-2.030535
2.000000	2.000000	-26.737307	-1.124655
2.000000	3.000000	-32.077078	-1.075115
2.000000	4.000000	14.290720	5.069790
2.000000	5.000000	14.858842	5.196182
2.000000	6.000000	-5.060090	8.859702
2.000000	7.000000	-5.159203	8.755917
2.000000	8.000000	-15.956574	-1.589399
2.000000	9.000000	-3.020213	-0.379176
2.000000	10.000000	-1.722486	-0.439303
2.000000	11.000000	10.186853	-9.212508
2.000000	12.000000	16.359547	-10.422288
2.000000	13.000000	-28.998697	-1.196222
2.000000	14.000000	5.816353	3.798496
2.000000	15.000000	-20.359033	-0.973010
2.000000	16.000000	-15.619753	-1.387333
2.000000	17.000000	-21.158532	-0.912667
2.000000	18.000000	-8.783995	-0.481209
2.000000	19.000000	-10.197571	-0.755925
2.000000	20.000000	-1.431050	-0.275338
3.000000	1.000000	2.102835	-0.366049
3.000000	2.000000	3.098448	-0.124948
3.000000	3.000000	3.276808	0.351378
3.000000	4.000000	-7.894954	-1.704094
3.000000	5.000000	-6.559851	-1.233741
3.000000	6.000000	1.553260	-2.704346
3.000000	7.000000	2.033746	-2.901691
3.000000	8.000000	1.363522	-0.135826
3.000000	9.000000	1.355024	-0.076328
3.000000	10.000000	0.996577	-0.344060
3.000000	11.000000	-1.430771	1.905195
3.000000	12.000000	-2.313744	1.335236
3.000000	13.000000	4.785576	0.310972
3.000000	14.000000	-3.889042	-1.253354
3.000000	15.000000	5.289503	-0.064735
3.000000	16.000000	4.877924	0.299828
3.000000	17.000000	2.181199	0.386376
3.000000	18.000000	2.252723	-0.220755
3.000000	19.000000	0.613223	-0.568958
3.000000	20.000000	-0.258964	-0.556676
4.000000	1.000000	29.625153	1.600219
4.000000	2.000000	30.379751	0.977770
4.000000	3.000000	35.929198	1.488185
4.000000	4.000000	-23.571795	-7.073072
4.000000	5.000000	-22.570409	-6.646532
4.000000	6.000000	6.886056	-12.038851
4.000000	7.000000	7.550015	-12.167059
4.000000	8.000000	17.559490	1.429726
4.000000	9.000000	4.613140	0.289446
4.000000	10.000000	2.894032	0.034836
4.000000	11.000000	-11.868825	11.452200
4.000000	12.000000	-19.079517	11.991953
4.000000	13.000000	34.624478	1.561792
4.000000	14.000000	-10.388196	-5.271902
4.000000	15.000000	26.577216	0.896910
4.000000	16.000000	21.354096	1.739802
4.000000	17.000000	23.722686	1.366879
4.000000	18.000000	11.432229	0.221696
4.000000	19.000000	10.918458	0.087074
4.000000	20.000000	1.126620	-0.379073
5.000000	1.000000	32.723622	2.247219
5.000000	2.000000	32.615091	1.274386
5.000000	3.000000	38.960497	1.398088
5.000000	4.000000	-19.815353	-6.610801
5.000000	5.000000	-19.973257	-6.579726
5.000000	6.000000	6.541785	-11.448173
5.000000	7.000000	6.841829	-11.401545
5.000000	8.000000	19.278896	1.816570
5.000000	9.000000	4.068047	0.416593
5.000000	10.000000	2.405562	0.385012
5.000000	11.000000	-12.521870	11.557673
5.000000	12.000000	-20.115573	12.762150
5.000000	13.000000	35.917940	1.525024
5.000000	14.000000	-8.323015	-4.944139
5.000000	15.000000	25.953888	1.119115
5.000000	16.000000	20.225322	1.745432
5.000000	17.000000	25.706490	1.220487
5.000000	18.000000	11.186669	0.481375
5.000000	19.000000	12.222194	0.671320
5.000000	20.000000	1.583385	0.111048
6.000000	1.000000	8.843771	1.041545
6.000000	2.000000	7.961588	0.520360
6.000000	3.000000	9.871613	0.155366
6.000000	4.000000	0.277450	-0.698391
6.000000	5.000000	-0.909562	-1.088399
6.000000	6.000000	0.804273	-1.419283
6.000000	7.000000	0.493037	-1.236260
6.000000	8.000000	5.104212	0.705780
6.000000	9.000000	0.169136	0.200288
6.000000	10.000000	-0.066124	0.417773
6.000000	11.000000	-2.851516	2.134659
6.000000	12.000000	-4.567757	3.010854
6.000000	13.000000	7.599592	0.230982
6.000000	14.000000	0.603905	-0.540281
6.000000	15.000000	3.933410	0.418689
6.000000	16.000000	2.422196	0.312076
6.000000	17.000000	6.497106	0.067889
6.000000	18.000000	1.718489	0.344193
6.000000	19.000000	3.449593	0.702110
6.000000	20.000000	0.734761	0.509618
7.000000	1.000000	-22.327145	-1.022809
7.000000	2.000000	-23.255683	-0.662666
7.000000	3.000000	-27.355720	-1.215444
7.000000	4.000000	20.141516	5.789793
7.000000	5.000000	18.904002	5.300235
7.000000	6.000000	-5.596305	9.779706
7.000000	7.000000	-6.262229	9.948233
7.000000	8.000000	-13.278535	-0.986875
7.000000	9.000000	-3.869216	-0.181140
7.000000	10.000000	-2.483296	0.106109
7.000000	11.000000	9.169712	-9.048230
7.000000	12.000000	14.745852	-9.222678
7.000000	13.000000	-26.984083	-1.253489
7.000000	14.000000	9.032948	4.309000
7.000000	15.000000	-21.329888	-0.626917
7.000000	16.000000	-17.377860	-1.378564
7.000000	17.000000	-18.068684	-1.140678
7.000000	18.000000	-9.166464	-0.076751
7.000000	19.000000	-8.166954	0.154059
7.000000	20.000000	-0.719621	0.488044
8.000000	1.000000	-35.090905	-2.243929
8.000000	2.000000	-35.300283	-1.299370
8.000000	3.000000	-42.030190	-1.584207
8.000000	4.000000	23.400322	7.504701
8.000000	5.000000	23.132550	7.319200
8.000000	6.000000	-7.383124	12.916016
8.000000	7.000000	-7.854729	12.931110
8.000000	8.000000	-20.714066	-1.865922
8.000000	9.000000	-4.717672	-0.413231
8.000000	10.000000	-2.853165	-0.293034
8.000000	11.000000	13.631159	-12.771492
8.000000	12.000000	21.902546	-13.852763
8.000000	13.000000	-39.321285	-1.704546
8.000000	14.000000	10.014962	5.605814
8.000000	15.000000	-29.008197	-1.155674
8.000000	16.000000	-22.851095	-1.932676
8.000000	17.000000	-27.738118	-1.408837
8.000000	18.000000	-12.494314	-0.434420
8.000000	19.000000	-13.050423	-0.521002
8.000000	20.000000	-1.580727	0.064112
9.000000	1.000000	-18.924687	-1.615088
9.000000	2.000000	-18.242289	-0.864835
9.000000	3.000000	-22.053732	-0.646903
9.000000	4.000000	7.367212	3.032512
9.000000	5.000000	8.289941	3.304000
9.000000	6.000000	-3.083078	5.403982
9.000000	7.000000	-2.971558	5.253198
9.000000	8.000000	-11.072311	-1.206647
9.000000	9.000000	-1.676740	-0.304642
9.000000	10.000000	-0.870801	-0.450591
9.000000	11.000000	6.854676	-5.965559
9.000000	12.000000	11.002135	-7.062221
9.000000	13.000000	-19.240859	-0.750326
9.000000	14.000000	2.740346	2.281030
9.000000	15.000000	-12.771293	-0.731660
9.000000	16.000000	-9.485214	-0.893433
9.000000	17.000000	-14.539429	-0.515509
9.000000	18.000000	-5.521482	-0.433940
9.000000	19.000000	-7.174738	-0.766534
9.000000	20.000000	-1.138635	-0.412676
10.000000	1.000000	12.843600	0.345279
10.000000	2.000000	13.855186	0.282695
10.000000	3.000000	16.104473	0.823727
10.000000	4.000000	-14.739644	-3.939770
10.000000	5.000000	-13.387140	-3.435115
10.000000	6.000000	3.758749	-6.563254
10.000000	7.000000	4.361452	-6.755605
10.000000	8.000000	7.697785	0.447423
10.000000	9.000000	2.746545	0.055103
10.000000	10.000000	1.829477	-0.236668
10.000000	11.000000	-5.573004	5.758557
10.000000	12.000000	-8.968761	5.550624
10.000000	13.000000	16.702298	0.822486
10.000000	14.000000	-6.793492	-2.924303
10.000000	15.000000	13.994642	0.295556
10.000000	16.000000	11.700558	0.882383
10.000000	17.000000	10.645994	0.802820
10.000000	18.000000	6.003422	-0.075707
10.000000	19.000000	4.616012	-0.380113
10.000000	20.000000	0.242182	-0.549242
11.000000	1.000000	34.023245	2.020988
11.000000	2.000000	34.530037	1.197164
11.000000	3.000000	40.985676	1.615252
11.000000	4.000000	-24.694703	-7.663989
11.000000	5.000000	-24.027468	-7.342220
11.000000	6.000000	7.501752	-13.119550
11.000000	7.000000	8.098753	-13.194888
11.000000	8.000000	20.121599	1.732624
11.000000	9.000000	4.905498	0.369419
11.000000	10.000000	3.021481	0.172372
11.000000	11.000000	-13.406135	12.735148
11.000000	12.000000	-21.545545	13.587371
11.000000	13.000000	38.875588	1.717215
11.000000	14.000000	-10.726575	-5.718754
11.000000	15.000000	29.222981	1.079107
11.000000	16.000000	23.240045	1.930736
11.000000	17.000000	27.054545	1.459280
11.000000	18.000000	12.578928	0.344940
11.000000	19.000000	12.601186	0.319685
11.000000	20.000000	1.423336	-0.232996
12.000000	1.000000	27.153123	2.030535
12.000000	2.000000	26.737307	1.124655
12.000000	3.000000	32.077078	1.075115
12.000000	4.000000	-14.290720	-5.069790
12.000000	5.000000	-14.858842	-5.196182
12.000000	6.000000	5.060090	-8.859702
12.000000	7.000000	5.159203	-8.755917
12.000000	8.000000	15.956574	1.589399
12.000000	9.000000	3.020213	0.379176
12.000000	10.000000	1.722486	0.439303
12.000000	11.000000	-10.186853	9.212508
12.000000	12.000000	-16.359547	10.422288
12.000000	13.000000	28.998697	1.196222
12.000000	14.000000	-5.816353	-3.798496
12.000000	15.000000	20.359033	0.973010
12.000000	16.000000	15.619753	1.387333
12.000000	17.000000	21.158532	0.912667
12.000000	18.000000	8.783995	0.481209
12.000000	19.000000	10.197571	0.755925
12.000000	20.000000	1.431050	0.275338
13.000000	1.000000	-2.102835	0.366049
13.000000	2.000000	-3.098448	0.124948
13.000000	3.000000	-3.276808	-0.351378
13.000000	4.000000	7.894954	1.704094
13.000000	5.000000	6.559851	1.233741
13.000000	6.000000	-1.553260	2.704346
13.000000	7.000000	-2.033746	2.901691
13.000000	8.000000	-1.363522	0.135826
13.000000	9.000000	-1.355024	0.076328
13.000000	10.000000	-0.996577	0.344060
13.000000	11.000000	1.430771	-1.905195
13.000000	12.000000	2.313744	-1.335236
13.000000	13.000000	-4.785576	-0.310972
13.000000	14.000000	3.889042	1.253354
13.000000	15.000000	-5.289503	0.064735
13.000000	16.000000	-4.877924	-0.299828
13.000000	17.000000	-2.181199	-0.386376
13.000000	18.000000	-2.252723	0.220755
13.000000	19.000000	-0.613223	0.568958
13.000000	20.000000	0.258964	0.556676
14.000000	1.000000	-29.625153	-1.600219
14.000000	2.000000	-30.379751	-0.977770
14.000000	3.000000	-35.929198	-1.488185
14.000000	4.000000	23.571795	7.073072
14.000000	5.000000	22.570409	6.646532
14.000000	6.000000	-6.886056	12.038851
14.000000	7.000000	-7.550015	12.167059
14.000000	8.000000	-17.559490	-1.429726
14.000000	9.000000	-4.613140	-0.289446
14.000000	10.000000	-2.894032	-0.034836
14.000000	11.000000	11.868825	-11.452200
14.000000	12.000000	19.079517	-11.991953
14.000000	13.000000	-34.624478	-1.561792
14.000000	14.000000	10.388196	5.271902
14.000000	15.000000	-26.577216	-0.896910
14.000000	16.000000	-21.354096	-1.739802
14.000000	17.000000	-23.722686	-1.366879
14.000000	18.000000	-11.432229	-0.221696
14.000000	19.000000	-10.918458	-0.087074
14.000000	20.000000	-1.126620	0.379073
15.000000	1.000000	-32.723622	-2.247219
15.000000	2.000000	-32.615091	-1.274386
15.000000	3.000000	-38.960497	-1.398088
15.000000	4.000000	19.815353	6.610801
15.000000	5.000000	19.973257	6.579726
15.000000	6.000000	-6.541785	11.448173
15.000000	7.000000	-6.841829	11.401545
15.000000	8.000000	-19.278896	-1.816570
15.000000	9.000000	-4.068047	-0.416593
15.000000	10.000000	-2.405562	-0.385012
15.000000	11.000000	12.521870	-11.557673
15.000000	12.000000	20.115573	-12.762150
15.000000	13.000000	-35.917940	-1.525024
15.000000	14.000000	8.323015	4.944139
15.000000	15.000000	-25.953888	-1.119115
15.000000	16.000000	-20.225322	-1.745432
15.000000	17.000000	-25.706490	-1.220487
15.000000	18.000000	-11.186669	-0.481375
15.000000	19.000000	-12.222194	-0.671320
15.000000	20.000000	-1.583385	-0.111048
16.000000	1.000000	-8.843771	-1.041545
16.000000	2.000000	-7.961588	-0.520360
16.000000	3.000000	-9.871613	-0.155366
16.000000	4.000000	-0.277450	0.698391
16.000000	5.000000	0.909562	1.088399
16.000000	6.000000	-0.804273	1.419283
16.000000	7.000000	-0.493037	1.236260
16.000000	8.000000	-5.104212	-0.705780
16.000000	9.000000	-0.169136	-0.200288
16.000000	10.000000	0.066124	-0.417773
16.000000	11.000000	2.851516	-2.134659
16.000000	12.000000	4.567757	-3.010854
16.000000	13.000000	-7.599592	-0.230982
16.000000	14.000000	-0.603905	0.540281
16.000000	15.000000	-3.933410	-0.418689
16.000000	16.000000	-2.422196	-0.312076
16.000000	17.000000	-6.497106	-0.067889
16.000000	18.000000	-1.718489	-0.344193
16.000000	19.000000	-3.449593	-0.702110
16.000000	20.000000	-0.734761	-0.509618
17.000000	1.000000	22.327145	1.022809
17.000000	2.000000	23.255683	0.662666
17.000000	3.000000	27.355720	1.215444
17.000000	4.000000	-20.141516	-5.789793
17.000000	5.000000	-18.904002	-5.300235
17.000000	6.000000	5.596305	-9.779706
17.000000	7.000000	6.262229	-9.948233
17.000000	8.000000	13.278535	0.986875
17.000000	9.000000	3.869216	0.181140
17.000000	10.000000	2.483296	-0.106109
17.000000	11.000000	-9.169712	9.048230
17.000000	12.000000	-14.745852	9.222678
17.000000	13.000000	26.984083	1.253489
17.000000	14.000000	-9.032948	-4.309000
17.000000	15.000000	21.329888	0.626917
17.000000	16.000000	17.377860	1.378564
17.000000	17.000000	18.068684	1.140678
17.000000	18.000000	9.166464	0.076751
17.000000	19.000000	8.166954	-0.154059
17.000000	20.000000	0.719621	-0.488044
18.000000	1.000000	35.090905	2.243929
18.000000	2.000000	35.300283	1.299370
18.000000	3.000000	42.030190	1.584207
18.000000	4.000000	-23.400322	-7.504701
18.000000	5.000000	-23.132550	-7.319200
18.000000	6.000000	7.383124	-12.916016
18.000000	7.000000	7.854729	-12.931110
18.000000	8.000000	20.714066	1.865922
18.000000	9.000000	4.717672	0.413231
18.000000	10.000000	2.853165	0.293034
18.000000	11.000000	-13.631159	12.771492
18.000000	12.000000	-21.902546	13.852763
18.000000	13.000000	39.321285	1.704546
18.000000	14.000000	-10.014962	-5.605814
18.000000	15.000000	29.008197	1.155674
18.000000	16.000000	22.851095	1.932676
18.000000	17.000000	27.738118	1.408837
18.000000	18.000000	12.494314	0.434420
18.000000	19.000000	13.050423	0.521002
18.000000	20.000000	1.580727	-0.064112
19.000000	1.000000	18.924687	1.615088
19.000000	2.000000	18.242289	0.864835
19.000000	3.000000	22.053732	0.646903
19.000000	4.000000	-7.367212	-3.032512
19.000000	5.000000	-8.289941	-3.304000
19.000000	6.000000	3.083078	-5.403982
19.000000	7.000000	2.971558	-5.253198
19.000000	8.000000	11.072311	1.206647
19.000000	9.000000	1.676740	0.304642
19.000000	10.000000	0.870801	0.450591
19.000000	11.000000	-6.854676	5.965559
19.000000	12.000000	-11.002135	7.062221
19.000000	13.000000	19.240859	0.750326
19.000000	14.000000	-2.740346	-2.281030
19.000000	15.000000	12.771293	0.731660
19.000000	16.000000	9.485214	0.893433
19.000000	17.000000	14.539429	0.515509
19.000000	18.000000	5.521482	0.433940
19.000000	19.000000	7.174738	0.766534
19.000000	20.000000	1.138635	0.412676
