0.0	1.000000	-0.843237	8.002786
0.0	2.000000	-0.834017	8.619630
0.0	3.000000	-1.264058	9.541844
0.0	4.000000	-0.435942	10.671024
0.0	5.000000	4.709549	7.125532
0.0	6.000000	2.942705	2.955041
0.0	7.000000	12.331763	0.949139
0.0	8.000000	-3.852254	5.823278
0.0	9.000000	4.593237	-5.421353
0.0	10.000000	-0.983156	1.877786
0.0	11.000000	-9.105370	7.694098
0.0	12.000000	7.883688	5.658688
0.0	13.000000	-4.903115	5.617376
0.0	14.000000	17.977786	-1.498607
0.0	15.000000	16.645492	-2.095820
0.0	16.000000	2.725000	7.010081
0.0	17.000000	1.367705	1.249139
0.0	18.000000	-2.659549	9.412336
0.0	19.000000	0.435942	1.280902
0.0	20.000000	-6.651393	5.508688
10.0	1.000000	0.407953	-5.002428
10.0	2.000000	0.372542	-5.194601
10.0	3.000000	0.973936	-6.002225
10.0	4.000000	0.178976	-6.841611
10.0	5.000000	-2.893817	-4.391689
10.0	6.000000	-1.977380	-1.736397
10.0	7.000000	-7.470916	-0.782624
10.0	8.000000	2.800783	-3.490499
10.0	9.000000	-2.758939	3.392424
10.0	10.000000	0.467173	-1.139715
10.0	11.000000	5.529150	-4.661648
10.0	12.000000	-4.789231	-3.655089
10.0	13.000000	3.200251	-3.648655
10.0	14.000000	-11.112276	0.462993
10.0	15.000000	-10.339734	1.289715
10.0	16.000000	-1.668692	-4.270336
10.0	17.000000	-1.014715	-0.748936
10.0	18.000000	2.018692	-5.793208
10.0	19.000000	-0.210410	-0.797542
10.0	20.000000	4.254024	-3.374187
20.0	1.000000	0.183156	0.091312
20.0	2.000000	0.231231	-0.214590
20.0	3.000000	-0.311803	0.169959
20.0	4.000000	0.146353	0.398936
20.0	5.000000	-0.027254	-0.019630
20.0	6.000000	0.256763	-0.145492
20.0	7.000000	-0.243566	0.317173
20.0	8.000000	-0.679508	-0.175532
20.0	9.000000	-0.129180	-0.067705
20.0	10.000000	0.227254	-0.033688
20.0	11.000000	0.159017	-0.151393
20.0	12.000000	-0.134549	0.255370
20.0	13.000000	-0.275000	0.286271
20.0	14.000000	0.002254	0.749468
20.0	15.000000	0.084549	0.009017
20.0	16.000000	-0.025000	-0.100532
20.0	17.000000	0.274139	-0.037336
20.0	18.000000	-0.606763	-0.038729
20.0	19.000000	-0.095492	0.009549
20.0	20.000000	-0.231763	-0.049139
30.0	1.000000	-0.704305	4.854682
30.0	2.000000	-0.746681	5.541814
30.0	3.000000	-0.469427	5.727225
30.0	4.000000	-0.415780	6.196120
30.0	5.000000	2.937916	4.423452
30.0	6.000000	1.561929	1.971807
30.0	7.000000	7.865015	0.269427
30.0	8.000000	-1.701316	3.774516
30.0	9.000000	2.967956	-3.282875
30.0	10.000000	-0.834878	1.194224
30.0	11.000000	-5.786445	4.906607
30.0	12.000000	5.006936	3.241892
30.0	13.000000	-2.755292	3.185458
30.0	14.000000	11.108629	-1.675658
30.0	15.000000	10.202930	-1.304305
30.0	16.000000	1.709143	4.433001
30.0	17.000000	0.571149	0.809346
30.0	18.000000	-1.036929	5.855872
30.0	19.000000	0.364919	0.782092
30.0	20.000000	-3.879024	3.453695
40.0	1.000000	0.956434	-7.946353
40.0	2.000000	0.976925	-8.752254
40.0	3.000000	1.071353	-9.436803
40.0	4.000000	0.526393	-10.424468
40.0	5.000000	-4.726393	-7.137664
40.0	6.000000	-2.784017	-3.044959
40.0	7.000000	-12.482295	-0.753115
40.0	8.000000	3.432295	-5.931763
40.0	9.000000	-4.673075	5.379508
40.0	10.000000	1.123607	-1.898607
40.0	11.000000	9.203647	-7.787664
40.0	12.000000	-7.966844	-5.500861
40.0	13.000000	4.733156	-5.440451
40.0	14.000000	-17.976393	1.961803
40.0	15.000000	-16.593237	2.101393
40.0	16.000000	-2.740451	-7.072214
40.0	17.000000	-1.198278	-1.272214
40.0	18.000000	2.284549	-9.436271
40.0	19.000000	-0.494959	-1.275000
40.0	20.000000	6.508156	-5.539058
50.0	1.000000	-0.843237	8.002786
50.0	2.000000	-0.834017	8.619630
50.0	3.000000	-1.264058	9.541844
50.0	4.000000	-0.435942	10.671024
50.0	5.000000	4.709549	7.125532
50.0	6.000000	2.942705	2.955041
50.0	7.000000	12.331763	0.949139
50.0	8.000000	-3.852254	5.823278
50.0	9.000000	4.593237	-5.421353
50.0	10.000000	-0.983156	1.877786
50.0	11.000000	-9.105370	7.694098
50.0	12.000000	7.883688	5.658688
50.0	13.000000	-4.903115	5.617376
50.0	14.000000	17.977786	-1.498607
50.0	15.000000	16.645492	-2.095820
50.0	16.000000	2.725000	7.010081
50.0	17.000000	1.367705	1.249139
50.0	18.000000	-2.659549	9.412336
50.0	19.000000	0.435942	1.280902
50.0	20.000000	-6.651393	5.508688
60.0	1.000000	0.407953	-5.002428
60.0	2.000000	0.372542	-5.194601
60.0	3.000000	0.973936	-6.002225
60.0	4.000000	0.178976	-6.841611
60.0	5.000000	-2.893817	-4.391689
60.0	6.000000	-1.977380	-1.736397
60.0	7.000000	-7.470916	-0.782624
60.0	8.000000	2.800783	-3.490499
60.0	9.000000	-2.758939	3.392424
60.0	10.000000	0.467173	-1.139715
60.0	11.000000	5.529150	-4.661648
60.0	12.000000	-4.789231	-3.655089
60.0	13.000000	3.200251	-3.648655
60.0	14.000000	-11.112276	0.462993
60.0	15.000000	-10.339734	1.289715
60.0	16.000000	-1.668692	-4.270336
60.0	17.000000	-1.014715	-0.748936
60.0	18.000000	2.018692	-5.793208
60.0	19.000000	-0.210410	-0.797542
60.0	20.000000	4.254024	-3.374187
70.0	1.000000	0.183156	0.091312
70.0	2.000000	0.231231	-0.214590
70.0	3.000000	-0.311803	0.169959
70.0	4.000000	0.146353	0.398936
70.0	5.000000	-0.027254	-0.019630
70.0	6.000000	0.256763	-0.145492
70.0	7.000000	-0.243566	0.317173
70.0	8.000000	-0.679508	-0.175532
70.0	9.000000	-0.129180	-0.067705
70.0	10.000000	0.227254	-0.033688
70.0	11.000000	0.159017	-0.151393
70.0	12.000000	-0.134549	0.255370
70.0	13.000000	-0.275000	0.286271
70.0	14.000000	0.002254	0.749468
70.0	15.000000	0.084549	0.009017
70.0	16.000000	-0.025000	-0.100532
70.0	17.000000	0.274139	-0.037336
70.0	18.000000	-0.606763	-0.038729
70.0	19.000000	-0.095492	0.009549
70.0	20.000000	-0.231763	-0.049139
80.0	1.000000	-0.704305	4.854682
80.0	2.000000	-0.746681	5.541814
80.0	3.000000	-0.469427	5.727225
80.0	4.000000	-0.415780	6.196120
80.0	5.000000	2.937916	4.423452
80.0	6.000000	1.561929	1.971807
80.0	7.000000	7.865015	0.269427
80.0	8.000000	-1.701316	3.774516
80.0	9.000000	2.967956	-3.282875
80.0	10.000000	-0.834878	1.194224
80.0	11.000000	-5.786445	4.906607
80.0	12.000000	5.006936	3.241892
80.0	13.000000	-2.755292	3.185458
80.0	14.000000	11.108629	-1.675658
80.0	15.000000	10.202930	-1.304305
80.0	16.000000	1.709143	4.433001
80.0	17.000000	0.571149	0.809346
80.0	18.000000	-1.036929	5.855872
80.0	19.000000	0.364919	0.782092
80.0	20.000000	-3.879024	3.453695
90.0	1.000000	0.956434	-7.946353
90.0	2.000000	0.976925	-8.752254
90.0	3.000000	1.071353	-9.436803
90.0	4.000000	0.526393	-10.424468
90.0	5.000000	-4.726393	-7.137664
90.0	6.000000	-2.784017	-3.044959
90.0	7.000000	-12.482295	-0.753115
90.0	8.000000	3.432295	-5.931763
90.0	9.000000	-4.673075	5.379508
90.0	10.000000	1.123607	-1.898607
90.0	11.000000	9.203647	-7.787664
90.0	12.000000	-7.966844	-5.500861
90.0	13.000000	4.733156	-5.440451
90.0	14.000000	-17.976393	1.961803
90.0	15.000000	-16.593237	2.101393
90.0	16.000000	-2.740451	-7.072214
90.0	17.000000	-1.198278	-1.272214
90.0	18.000000	2.284549	-9.436271
90.0	19.000000	-0.494959	-1.275000
90.0	20.000000	6.508156	-5.539058
100.0	1.000000	-0.843237	8.002786
100.0	2.000000	-0.834017	8.619630
100.0	3.000000	-1.264058	9.541844
100.0	4.000000	-0.435942	10.671024
100.0	5.000000	4.709549	7.125532
100.0	6.000000	2.942705	2.955041
100.0	7.000000	12.331763	0.949139
100.0	8.000000	-3.852254	5.823278
100.0	9.000000	4.593237	-5.421353
100.0	10.000000	-0.983156	1.877786
100.0	11.000000	-9.105370	7.694098
100.0	12.000000	7.883688	5.658688
100.0	13.000000	-4.903115	5.617376
100.0	14.000000	17.977786	-1.498607
100.0	15.000000	16.645492	-2.095820
100.0	16.000000	2.725000	7.010081
100.0	17.000000	1.367705	1.249139
100.0	18.000000	-2.659549	9.412336
100.0	19.000000	0.435942	1.280902
100.0	20.000000	-6.651393	5.508688
110.0	1.000000	0.407953	-5.002428
110.0	2.000000	0.372542	-5.194601
110.0	3.000000	0.973936	-6.002225
110.0	4.000000	0.178976	-6.841611
110.0	5.000000	-2.893817	-4.391689
110.0	6.000000	-1.977380	-1.736397
110.0	7.000000	-7.470916	-0.782624
110.0	8.000000	2.800783	-3.490499
110.0	9.000000	-2.758939	3.392424
110.0	10.000000	0.467173	-1.139715
110.0	11.000000	5.529150	-4.661648
110.0	12.000000	-4.789231	-3.655089
110.0	13.000000	3.200251	-3.648655
110.0	14.000000	-11.112276	0.462993
110.0	15.000000	-10.339734	1.289715
110.0	16.000000	-1.668692	-4.270336
110.0	17.000000	-1.014715	-0.748936
110.0	18.000000	2.018692	-5.793208
110.0	19.000000	-0.210410	-0.797542
110.0	20.000000	4.254024	-3.374187
120.0	1.000000	0.183156	0.091312
120.0	2.000000	0.231231	-0.214590
120.0	3.000000	-0.311803	0.169959
120.0	4.000000	0.146353	0.398936
120.0	5.000000	-0.027254	-0.019630
120.0	6.000000	0.256763	-0.145492
120.0	7.000000	-0.243566	0.317173
120.0	8.000000	-0.679508	-0.175532
120.0	9.000000	-0.129180	-0.067705
120.0	10.000000	0.227254	-0.033688
120.0	11.000000	0.159017	-0.151393
120.0	12.000000	-0.134549	0.255370
120.0	13.000000	-0.275000	0.286271
120.0	14.000000	0.002254	0.749468
120.0	15.000000	0.084549	0.009017
120.0	16.000000	-0.025000	-0.100532
120.0	17.000000	0.274139	-0.037336
120.0	18.000000	-0.606763	-0.038729
120.0	19.000000	-0.095492	0.009549
120.0	20.000000	-0.231763	-0.049139
130.0	1.000000	-0.704305	4.854682
130.0	2.000000	-0.746681	5.541814
130.0	3.000000	-0.469427	5.727225
130.0	4.000000	-0.415780	6.196120
130.0	5.000000	2.937916	4.423452
130.0	6.000000	1.561929	1.971807
130.0	7.000000	7.865015	0.269427
130.0	8.000000	-1.701316	3.774516
130.0	9.000000	2.967956	-3.282875
130.0	10.000000	-0.834878	1.194224
130.0	11.000000	-5.786445	4.906607
130.0	12.000000	5.006936	3.241892
130.0	13.000000	-2.755292	3.185458
130.0	14.000000	11.108629	-1.675658
130.0	15.000000	10.202930	-1.304305
130.0	16.000000	1.709143	4.433001
130.0	17.000000	0.571149	0.809346
130.0	18.000000	-1.036929	5.855872
130.0	19.000000	0.364919	0.782092
130.0	20.000000	-3.879024	3.453695
140.0	1.000000	0.956434	-7.946353
140.0	2.000000	0.976925	-8.752254
140.0	3.000000	1.071353	-9.436803
140.0	4.000000	0.526393	-10.424468
140.0	5.000000	-4.726393	-7.137664
140.0	6.000000	-2.784017	-3.044959
140.0	7.000000	-12.482295	-0.753115
140.0	8.000000	3.432295	-5.931763
140.0	9.000000	-4.673075	5.379508
140.0	10.000000	1.123607	-1.898607
140.0	11.000000	9.203647	-7.787664
140.0	12.000000	-7.966844	-5.500861
140.0	13.000000	4.733156	-5.440451
140.0	14.000000	-17.976393	1.961803
140.0	15.000000	-16.593237	2.101393
140.0	16.000000	-2.740451	-7.072214
140.0	17.000000	-1.198278	-1.272214
140.0	18.000000	2.284549	-9.436271
140.0	19.000000	-0.494959	-1.275000
140.0	20.000000	6.508156	-5.539058
150.0	1.000000	-0.843237	8.002786
150.0	2.000000	-0.834017	8.619630
150.0	3.000000	-1.264058	9.541844
150.0	4.000000	-0.435942	10.671024
150.0	5.000000	4.709549	7.125532
150.0	6.000000	2.942705	2.955041
150.0	7.000000	12.331763	0.949139
150.0	8.000000	-3.852254	5.823278
150.0	9.000000	4.593237	-5.421353
150.0	10.000000	-0.983156	1.877786
150.0	11.000000	-9.105370	7.694098
150.0	12.000000	7.883688	5.658688
150.0	13.000000	-4.903115	5.617376
150.0	14.000000	17.977786	-1.498607
150.0	15.000000	16.645492	-2.095820
150.0	16.000000	2.725000	7.010081
150.0	17.000000	1.367705	1.249139
150.0	18.000000	-2.659549	9.412336
150.0	19.000000	0.435942	1.280902
150.0	20.000000	-6.651393	5.508688
160.0	1.000000	0.407953	-5.002428
160.0	2.000000	0.372542	-5.194601
160.0	3.000000	0.973936	-6.002225
160.0	4.000000	0.178976	-6.841611
160.0	5.000000	-2.893817	-4.391689
160.0	6.000000	-1.977380	-1.736397
160.0	7.000000	-7.470916	-0.782624
160.0	8.000000	2.800783	-3.490499
160.0	9.000000	-2.758939	3.392424
160.0	10.000000	0.467173	-1.139715
160.0	11.000000	5.529150	-4.661648
160.0	12.000000	-4.789231	-3.655089
160.0	13.000000	3.200251	-3.648655
160.0	14.000000	-11.112276	0.462993
160.0	15.000000	-10.339734	1.289715
160.0	16.000000	-1.668692	-4.270336
160.0	17.000000	-1.014715	-0.748936
160.0	18.000000	2.018692	-5.793208
160.0	19.000000	-0.210410	-0.797542
160.0	20.000000	4.254024	-3.374187
170.0	1.000000	0.183156	0.091312
170.0	2.000000	0.231231	-0.214590
170.0	3.000000	-0.311803	0.169959
170.0	4.000000	0.146353	0.398936
170.0	5.000000	-0.027254	-0.019630
170.0	6.000000	0.256763	-0.145492
170.0	7.000000	-0.243566	0.317173
170.0	8.000000	-0.679508	-0.175532
170.0	9.000000	-0.129180	-0.067705
170.0	10.000000	0.227254	-0.033688
170.0	11.000000	0.159017	-0.151393
170.0	12.000000	-0.134549	0.255370
170.0	13.000000	-0.275000	0.286271
170.0	14.000000	0.002254	0.749468
170.0	15.000000	0.084549	0.009017
170.0	16.000000	-0.025000	-0.100532
170.0	17.000000	0.274139	-0.037336
170.0	18.000000	-0.606763	-0.038729
170.0	19.000000	-0.095492	0.009549
170.0	20.000000	-0.231763	-0.049139
180.0	1.000000	-0.704305	4.854682
180.0	2.000000	-0.746681	5.541814
180.0	3.000000	-0.469427	5.727225
180.0	4.000000	-0.415780	6.196120
180.0	5.000000	2.937916	4.423452
180.0	6.000000	1.561929	1.971807
180.0	7.000000	7.865015	0.269427
180.0	8.000000	-1.701316	3.774516
180.0	9.000000	2.967956	-3.282875
180.0	10.000000	-0.834878	1.194224
180.0	11.000000	-5.786445	4.906607
180.0	12.000000	5.006936	3.241892
180.0	13.000000	-2.755292	3.185458
180.0	14.000000	11.108629	-1.675658
180.0	15.000000	10.202930	-1.304305
180.0	16.000000	1.709143	4.433001
180.0	17.000000	0.571149	0.809346
180.0	18.000000	-1.036929	5.855872
180.0	19.000000	0.364919	0.782092
180.0	20.000000	-3.879024	3.453695
190.0	1.000000	0.956434	-7.946353
190.0	2.000000	0.976925	-8.752254
190.0	3.000000	1.071353	-9.436803
190.0	4.000000	0.526393	-10.424468
190.0	5.000000	-4.726393	-7.137664
190.0	6.000000	-2.784017	-3.044959
190.0	7.000000	-12.482295	-0.753115
190.0	8.000000	3.432295	-5.931763
190.0	9.000000	-4.673075	5.379508
190.0	10.000000	1.123607	-1.898607
190.0	11.000000	9.203647	-7.787664
190.0	12.000000	-7.966844	-5.500861
190.0	13.000000	4.733156	-5.440451
190.0	14.000000	-17.976393	1.961803
190.0	15.000000	-16.593237	2.101393
190.0	16.000000	-2.740451	-7.072214
190.0	17.000000	-1.198278	-1.272214
190.0	18.000000	2.284549	-9.436271
190.0	19.000000	-0.494959	-1.275000
190.0	20.000000	6.508156	-5.539058
