0.0	1.000000	3.100000	9.850000
0.0	2.000000	0.750000	4.750000
0.0	3.000000	-0.100000	4.300000
0.0	4.000000	12.500000	5.350000
0.0	5.000000	-1.700000	9.700000
0.0	6.000000	12.500000	-3.600000
0.0	7.000000	-1.050000	4.800000
0.0	8.000000	2.450000	8.750000
0.0	9.000000	-5.700000	4.900000
0.0	10.000000	6.000000	8.350000
0.0	11.000000	-2.200000	8.600000
0.0	12.000000	14.400000	5.150000
0.0	13.000000	-7.650000	4.600000
0.0	14.000000	12.250000	5.150000
0.0	15.000000	-6.750000	6.350000
0.0	16.000000	-1.650000	10.200000
0.0	17.000000	1.850000	5.600000
0.0	18.000000	-9.550000	4.850000
0.0	19.000000	-6.100000	5.950000
0.0	20.000000	6.550000	13.600000
10.0	1.000000	-3.100000	-9.850000
10.0	2.000000	-0.750000	-4.750000
10.0	3.000000	0.100000	-4.300000
10.0	4.000000	-12.500000	-5.350000
10.0	5.000000	1.700000	-9.700000
10.0	6.000000	-12.500000	3.600000
10.0	7.000000	1.050000	-4.800000
10.0	8.000000	-2.450000	-8.750000
10.0	9.000000	5.700000	-4.900000
10.0	10.000000	-6.000000	-8.350000
10.0	11.000000	2.200000	-8.600000
10.0	12.000000	-14.400000	-5.150000
10.0	13.000000	7.650000	-4.600000
10.0	14.000000	-12.250000	-5.150000
10.0	15.000000	6.750000	-6.350000
10.0	16.000000	1.650000	-10.200000
10.0	17.000000	-1.850000	-5.600000
10.0	18.000000	9.550000	-4.850000
10.0	19.000000	6.100000	-5.950000
10.0	20.000000	-6.550000	-13.600000
20.0	1.000000	3.100000	9.850000
20.0	2.000000	0.750000	4.750000
20.0	3.000000	-0.100000	4.300000
20.0	4.000000	12.500000	5.350000
20.0	5.000000	-1.700000	9.700000
20.0	6.000000	12.500000	-3.600000
20.0	7.000000	-1.050000	4.800000
20.0	8.000000	2.450000	8.750000
20.0	9.000000	-5.700000	4.900000
20.0	10.000000	6.000000	8.350000
20.0	11.000000	-2.200000	8.600000
20.0	12.000000	14.400000	5.150000
20.0	13.000000	-7.650000	4.600000
20.0	14.000000	12.250000	5.150000
20.0	15.000000	-6.750000	6.350000
20.0	16.000000	-1.650000	10.200000
20.0	17.000000	1.850000	5.600000
20.0	18.000000	-9.550000	4.850000
20.0	19.000000	-6.100000	5.950000
20.0	20.000000	6.550000	13.600000
30.0	1.000000	-3.100000	-9.850000
30.0	2.000000	-0.750000	-4.750000
30.0	3.000000	0.100000	-4.300000
30.0	4.000000	-12.500000	-5.350000
30.0	5.000000	1.700000	-9.700000
30.0	6.000000	-12.500000	3.600000
30.0	7.000000	1.050000	-4.800000
30.0	8.000000	-2.450000	-8.750000
30.0	9.000000	5.700000	-4.900000
30.0	10.000000	-6.000000	-8.350000
30.0	11.000000	2.200000	-8.600000
30.0	12.000000	-14.400000	-5.150000
30.0	13.000000	7.650000	-4.600000
30.0	14.000000	-12.250000	-5.150000
30.0	15.000000	6.750000	-6.350000
30.0	16.000000	1.650000	-10.200000
30.0	17.000000	-1.850000	-5.600000
30.0	18.000000	9.550000	-4.850000
30.0	19.000000	6.100000	-5.950000
30.0	20.000000	-6.550000	-13.600000
40.0	1.000000	3.100000	9.850000
40.0	2.000000	0.750000	4.750000
40.0	3.000000	-0.100000	4.300000
40.0	4.000000	12.500000	5.350000
40.0	5.000000	-1.700000	9.700000
40.0	6.000000	12.500000	-3.600000
40.0	7.000000	-1.050000	4.800000
40.0	8.000000	2.450000	8.750000
40.0	9.000000	-5.700000	4.900000
40.0	10.000000	6.000000	8.350000
40.0	11.000000	-2.200000	8.600000
40.0	12.000000	14.400000	5.150000
40.0	13.000000	-7.650000	4.600000
40.0	14.000000	12.250000	5.150000
40.0	15.000000	-6.750000	6.350000
40.0	16.000000	-1.650000	10.200000
40.0	17.000000	1.850000	5.600000
40.0	18.000000	-9.550000	4.850000
40.0	19.000000	-6.100000	5.950000
40.0	20.000000	6.550000	13.600000
50.0	1.000000	-3.100000	-9.850000
50.0	2.000000	-0.750000	-4.750000
50.0	3.000000	0.100000	-4.300000
50.0	4.000000	-12.500000	-5.350000
50.0	5.000000	1.700000	-9.700000
50.0	6.000000	-12.500000	3.600000
50.0	7.000000	1.050000	-4.800000
50.0	8.000000	-2.450000	-8.750000
50.0	9.000000	5.700000	-4.900000
50.0	10.000000	-6.000000	-8.350000
50.0	11.000000	2.200000	-8.600000
50.0	12.000000	-14.400000	-5.150000
50.0	13.000000	7.650000	-4.600000
50.0	14.000000	-12.250000	-5.150000
50.0	15.000000	6.750000	-6.350000
50.0	16.000000	1.650000	-10.200000
50.0	17.000000	-1.850000	-5.600000
50.0	18.000000	9.550000	-4.850000
50.0	19.000000	6.100000	-5.950000
50.0	20.000000	-6.550000	-13.600000
60.0	1.000000	3.100000	9.850000
60.0	2.000000	0.750000	4.750000
60.0	3.000000	-0.100000	4.300000
60.0	4.000000	12.500000	5.350000
60.0	5.000000	-1.700000	9.700000
60.0	6.000000	12.500000	-3.600000
60.0	7.000000	-1.050000	4.800000
60.0	8.000000	2.450000	8.750000
60.0	9.000000	-5.700000	4.900000
60.0	10.000000	6.000000	8.350000
60.0	11.000000	-2.200000	8.600000
60.0	12.000000	14.400000	5.150000
60.0	13.000000	-7.650000	4.600000
60.0	14.000000	12.250000	5.150000
60.0	15.000000	-6.750000	6.350000
60.0	16.000000	-1.650000	10.200000
60.0	17.000000	1.850000	5.600000
60.0	18.000000	-9.550000	4.850000
60.0	19.000000	-6.100000	5.950000
60.0	20.000000	6.550000	13.600000
70.0	1.000000	-3.100000	-9.850000
70.0	2.000000	-0.750000	-4.750000
70.0	3.000000	0.100000	-4.300000
70.0	4.000000	-12.500000	-5.350000
70.0	5.000000	1.700000	-9.700000
70.0	6.000000	-12.500000	3.600000
70.0	7.000000	1.050000	-4.800000
70.0	8.000000	-2.450000	-8.750000
70.0	9.000000	5.700000	-4.900000
70.0	10.000000	-6.000000	-8.350000
70.0	11.000000	2.200000	-8.600000
70.0	12.000000	-14.400000	-5.150000
70.0	13.000000	7.650000	-4.600000
70.0	14.000000	-12.250000	-5.150000
70.0	15.000000	6.750000	-6.350000
70.0	16.000000	1.650000	-10.200000
70.0	17.000000	-1.850000	-5.600000
70.0	18.000000	9.550000	-4.850000
70.0	19.000000	6.100000	-5.950000
70.0	20.000000	-6.550000	-13.600000
80.0	1.000000	3.100000	9.850000
80.0	2.000000	0.750000	4.750000
80.0	3.000000	-0.100000	4.300000
80.0	4.000000	12.500000	5.350000
80.0	5.000000	-1.700000	9.700000
80.0	6.000000	12.500000	-3.600000
80.0	7.000000	-1.050000	4.800000
80.0	8.000000	2.450000	8.750000
80.0	9.000000	-5.700000	4.900000
80.0	10.000000	6.000000	8.350000
80.0	11.000000	-2.200000	8.600000
80.0	12.000000	14.400000	5.150000
80.0	13.000000	-7.650000	4.600000
80.0	14.000000	12.250000	5.150000
80.0	15.000000	-6.750000	6.350000
80.0	16.000000	-1.650000	10.200000
80.0	17.000000	1.850000	5.600000
80.0	18.000000	-9.550000	4.850000
80.0	19.000000	-6.100000	5.950000
80.0	20.000000	6.550000	13.600000
90.0	1.000000	-3.100000	-9.850000
90.0	2.000000	-0.750000	-4.750000
90.0	3.000000	0.100000	-4.300000
90.0	4.000000	-12.500000	-5.350000
90.0	5.000000	1.700000	-9.700000
90.0	6.000000	-12.500000	3.600000
90.0	7.000000	1.050000	-4.800000
90.0	8.000000	-2.450000	-8.750000
90.0	9.000000	5.700000	-4.900000
90.0	10.000000	-6.000000	-8.350000
90.0	11.000000	2.200000	-8.600000
90.0	12.000000	-14.400000	-5.150000
90.0	13.000000	7.650000	-4.600000
90.0	14.000000	-12.250000	-5.150000
90.0	15.000000	6.750000	-6.350000
90.0	16.000000	1.650000	-10.200000
90.0	17.000000	-1.850000	-5.600000
90.0	18.000000	9.550000	-4.850000
90.0	19.000000	6.100000	-5.950000
90.0	20.000000	-6.550000	-13.600000
100.0	1.000000	3.100000	9.850000
100.0	2.000000	0.750000	4.750000
100.0	3.000000	-0.100000	4.300000
100.0	4.000000	12.500000	5.350000
100.0	5.000000	-1.700000	9.700000
100.0	6.000000	12.500000	-3.600000
100.0	7.000000	-1.050000	4.800000
100.0	8.000000	2.450000	8.750000
100.0	9.000000	-5.700000	4.900000
100.0	10.000000	6.000000	8.350000
100.0	11.000000	-2.200000	8.600000
100.0	12.000000	14.400000	5.150000
100.0	13.000000	-7.650000	4.600000
100.0	14.000000	12.250000	5.150000
100.0	15.000000	-6.750000	6.350000
100.0	16.000000	-1.650000	10.200000
100.0	17.000000	1.850000	5.600000
100.0	18.000000	-9.550000	4.850000
100.0	19.000000	-6.100000	5.950000
100.0	20.000000	6.550000	13.600000
110.0	1.000000	-3.100000	-9.850000
110.0	2.000000	-0.750000	-4.750000
110.0	3.000000	0.100000	-4.300000
110.0	4.000000	-12.500000	-5.350000
110.0	5.000000	1.700000	-9.700000
110.0	6.000000	-12.500000	3.600000
110.0	7.000000	1.050000	-4.800000
110.0	8.000000	-2.450000	-8.750000
110.0	9.000000	5.700000	-4.900000
110.0	10.000000	-6.000000	-8.350000
110.0	11.000000	2.200000	-8.600000
110.0	12.000000	-14.400000	-5.150000
110.0	13.000000	7.650000	-4.600000
110.0	14.000000	-12.250000	-5.150000
110.0	15.000000	6.750000	-6.350000
110.0	16.000000	1.650000	-10.200000
110.0	17.000000	-1.850000	-5.600000
110.0	18.000000	9.550000	-4.850000
110.0	19.000000	6.100000	-5.950000
110.0	20.000000	-6.550000	-13.600000
120.0	1.000000	3.100000	9.850000
120.0	2.000000	0.750000	4.750000
120.0	3.000000	-0.100000	4.300000
120.0	4.000000	12.500000	5.350000
120.0	5.000000	-1.700000	9.700000
120.0	6.000000	12.500000	-3.600000
120.0	7.000000	-1.050000	4.800000
120.0	8.000000	2.450000	8.750000
120.0	9.000000	-5.700000	4.900000
120.0	10.000000	6.000000	8.350000
120.0	11.000000	-2.200000	8.600000
120.0	12.000000	14.400000	5.150000
120.0	13.000000	-7.650000	4.600000
120.0	14.000000	12.250000	5.150000
120.0	15.000000	-6.750000	6.350000
120.0	16.000000	-1.650000	10.200000
120.0	17.000000	1.850000	5.600000
120.0	18.000000	-9.550000	4.850000
120.0	19.000000	-6.100000	5.950000
120.0	20.000000	6.550000	13.600000
130.0	1.000000	-3.100000	-9.850000
130.0	2.000000	-0.750000	-4.750000
130.0	3.000000	0.100000	-4.300000
130.0	4.000000	-12.500000	-5.350000
130.0	5.000000	1.700000	-9.700000
130.0	6.000000	-12.500000	3.600000
130.0	7.000000	1.050000	-4.800000
130.0	8.000000	-2.450000	-8.750000
130.0	9.000000	5.700000	-4.900000
130.0	10.000000	-6.000000	-8.350000
130.0	11.000000	2.200000	-8.600000
130.0	12.000000	-14.400000	-5.150000
130.0	13.000000	7.650000	-4.600000
130.0	14.000000	-12.250000	-5.150000
130.0	15.000000	6.750000	-6.350000
130.0	16.000000	1.650000	-10.200000
130.0	17.000000	-1.850000	-5.600000
130.0	18.000000	9.550000	-4.850000
130.0	19.000000	6.100000	-5.950000
130.0	20.000000	-6.550000	-13.600000
140.0	1.000000	3.100000	9.850000
140.0	2.000000	0.750000	4.750000
140.0	3.000000	-0.100000	4.300000
140.0	4.000000	12.500000	5.350000
140.0	5.000000	-1.700000	9.700000
140.0	6.000000	12.500000	-3.600000
140.0	7.000000	-1.050000	4.800000
140.0	8.000000	2.450000	8.750000
140.0	9.000000	-5.700000	4.900000
140.0	10.000000	6.000000	8.350000
140.0	11.000000	-2.200000	8.600000
140.0	12.000000	14.400000	5.150000
140.0	13.000000	-7.650000	4.600000
140.0	14.000000	12.250000	5.150000
140.0	15.000000	-6.750000	6.350000
140.0	16.000000	-1.650000	10.200000
140.0	17.000000	1.850000	5.600000
140.0	18.000000	-9.550000	4.850000
140.0	19.000000	-6.100000	5.950000
140.0	20.000000	6.550000	13.600000
150.0	1.000000	-3.100000	-9.850000
150.0	2.000000	-0.750000	-4.750000
150.0	3.000000	0.100000	-4.300000
150.0	4.000000	-12.500000	-5.350000
150.0	5.000000	1.700000	-9.700000
150.0	6.000000	-12.500000	3.600000
150.0	7.000000	1.050000	-4.800000
150.0	8.000000	-2.450000	-8.750000
150.0	9.000000	5.700000	-4.900000
150.0	10.000000	-6.000000	-8.350000
150.0	11.000000	2.200000	-8.600000
150.0	12.000000	-14.400000	-5.150000
150.0	13.000000	7.650000	-4.600000
150.0	14.000000	-12.250000	-5.150000
150.0	15.000000	6.750000	-6.350000
150.0	16.000000	1.650000	-10.200000
150.0	17.000000	-1.850000	-5.600000
150.0	18.000000	9.550000	-4.850000
150.0	19.000000	6.100000	-5.950000
150.0	20.000000	-6.550000	-13.600000
160.0	1.000000	3.100000	9.850000
160.0	2.000000	0.750000	4.750000
160.0	3.000000	-0.100000	4.300000
160.0	4.000000	12.500000	5.350000
160.0	5.000000	-1.700000	9.700000
160.0	6.000000	12.500000	-3.600000
160.0	7.000000	-1.050000	4.800000
160.0	8.000000	2.450000	8.750000
160.0	9.000000	-5.700000	4.900000
160.0	10.000000	6.000000	8.350000
160.0	11.000000	-2.200000	8.600000
160.0	12.000000	14.400000	5.150000
160.0	13.000000	-7.650000	4.600000
160.0	14.000000	12.250000	5.150000
160.0	15.000000	-6.750000	6.350000
160.0	16.000000	-1.650000	10.200000
160.0	17.000000	1.850000	5.600000
160.0	18.000000	-9.550000	4.850000
160.0	19.000000	-6.100000	5.950000
160.0	20.000000	6.550000	13.600000
170.0	1.000000	-3.100000	-9.850000
170.0	2.000000	-0.750000	-4.750000
170.0	3.000000	0.100000	-4.300000
170.0	4.000000	-12.500000	-5.350000
170.0	5.000000	1.700000	-9.700000
170.0	6.000000	-12.500000	3.600000
170.0	7.000000	1.050000	-4.800000
170.0	8.000000	-2.450000	-8.750000
170.0	9.000000	5.700000	-4.900000
170.0	10.000000	-6.000000	-8.350000
170.0	11.000000	2.200000	-8.600000
170.0	12.000000	-14.400000	-5.150000
170.0	13.000000	7.650000	-4.600000
170.0	14.000000	-12.250000	-5.150000
170.0	15.000000	6.750000	-6.350000
170.0	16.000000	1.650000	-10.200000
170.0	17.000000	-1.850000	-5.600000
170.0	18.000000	9.550000	-4.850000
170.0	19.000000	6.100000	-5.950000
170.0	20.000000	-6.550000	-13.600000
180.0	1.000000	3.100000	9.850000
180.0	2.000000	0.750000	4.750000
180.0	3.000000	-0.100000	4.300000
180.0	4.000000	12.500000	5.350000
180.0	5.000000	-1.700000	9.700000
180.0	6.000000	12.500000	-3.600000
180.0	7.000000	-1.050000	4.800000
180.0	8.000000	2.450000	8.750000
180.0	9.000000	-5.700000	4.900000
180.0	10.000000	6.000000	8.350000
180.0	11.000000	-2.200000	8.600000
180.0	12.000000	14.400000	5.150000
180.0	13.000000	-7.650000	4.600000
180.0	14.000000	12.250000	5.150000
180.0	15.000000	-6.750000	6.350000
180.0	16.000000	-1.650000	10.200000
180.0	17.000000	1.850000	5.600000
180.0	18.000000	-9.550000	4.850000
180.0	19.000000	-6.100000	5.950000
180.0	20.000000	6.550000	13.600000
190.0	1.000000	-3.100000	-9.850000
190.0	2.000000	-0.750000	-4.750000
190.0	3.000000	0.100000	-4.300000
190.0	4.000000	-12.500000	-5.350000
190.0	5.000000	1.700000	-9.700000
190.0	6.000000	-12.500000	3.600000
190.0	7.000000	1.050000	-4.800000
190.0	8.000000	-2.450000	-8.750000
190.0	9.000000	5.700000	-4.900000
190.0	10.000000	-6.000000	-8.350000
190.0	11.000000	2.200000	-8.600000
190.0	12.000000	-14.400000	-5.150000
190.0	13.000000	7.650000	-4.600000
190.0	14.000000	-12.250000	-5.150000
190.0	15.000000	6.750000	-6.350000
190.0	16.000000	1.650000	-10.200000
190.0	17.000000	-1.850000	-5.600000
190.0	18.000000	9.550000	-4.850000
190.0	19.000000	6.100000	-5.950000
190.0	20.000000	-6.550000	-13.600000
