0	1	1906	257
0	2	1744	77
0	3	1761	127
0	4	1541	155
0	5	763	107
0	6	1059	352
0	7	983	360
0	8	649	938
0	9	1419	491
0	10	1757	262
0	11	1157	193
0	12	790	696
0	13	1202	86
0	14	1033	79
0	15	1326	633
0	16	1568	687
0	17	1459	612
0	18	1438	611
0	19	183	764
0	20	1320	839
1	1	1906	257
1	2	1744	77
1	3	1761	127
1	4	1526	165
1	5	766	107
1	6	1056	344
1	7	991	352
1	8	651	938
1	9	1402	497
1	10	1766	260
1	11	1160	192
1	12	803	693
1	13	1248	88
1	14	1007	78
1	15	1330	632
1	16	1567	687
1	17	1459	613
1	18	1442	612
1	19	173	765
1	20	1321	839
2	1	1906	257
2	2	1744	77
2	3	1761	127
2	4	1514	176
2	5	767	107
2	6	1058	333
2	7	994	347
2	8	653	938
2	9	1391	508
2	10	1767	259
2	11	1161	192
2	12	809	688
2	13	1284	95
2	14	986	76
2	15	1333	631
2	16	1567	687
2	17	1458	615
2	18	1447	612
2	19	157	767
2	20	1321	840
3	1	1906	257
3	2	1744	77
3	3	1761	127
3	4	1502	188
3	5	768	107
3	6	1054	323
3	7	1010	343
3	8	655	938
3	9	1375	521
3	10	1767	259
3	11	1166	191
3	12	808	683
3	13	1311	103
3	14	964	80
3	15	1337	630
3	16	1566	687
3	17	1458	616
3	18	1451	613
3	19	156	767
3	20	1321	840
4	1	1906	257
4	2	1744	77
4	3	1761	127
4	4	1502	188
4	5	770	107
4	6	1054	319
4	7	997	330
4	8	656	939
4	9	1350	531
4	10	1767	259
4	11	1172	190
4	12	806	679
4	13	1338	112
4	14	943	78
4	15	1339	629
4	16	1565	687
4	17	1458	617
4	18	1456	614
4	19	164	763
4	20	1321	840
5	1	1906	257
5	2	1744	77
5	3	1761	128
5	4	1511	196
5	5	776	108
5	6	1055	310
5	7	982	322
5	8	658	939
5	9	1337	539
5	10	1767	259
5	11	1177	189
5	12	794	676
5	13	1362	118
5	14	927	74
5	15	1340	629
5	16	1564	687
5	17	1457	617
5	18	1461	615
5	19	163	766
5	20	1322	840
6	1	1906	257
6	2	1744	76
6	3	1761	128
6	4	1518	203
6	5	789	109
6	6	1058	304
6	7	984	313
6	8	660	939
6	9	1323	549
6	10	1767	259
6	11	1182	188
6	12	774	675
6	13	1388	125
6	14	906	72
6	15	1341	629
6	16	1563	687
6	17	1456	617
6	18	1465	616
6	19	160	766
6	20	1322	840
7	1	1906	257
7	2	1744	75
7	3	1761	128
7	4	1531	214
7	5	803	106
7	6	1061	297
7	7	986	312
7	8	657	951
7	9	1305	556
7	10	1767	259
7	11	1184	187
7	12	759	671
7	13	1411	135
7	14	884	71
7	15	1342	629
7	16	1563	687
7	17	1455	618
7	18	1470	616
7	19	158	763
7	20	1322	840
8	1	1906	257
8	2	1744	73
8	3	1761	128
8	4	1546	220
8	5	810	104
8	6	1055	289
8	7	987	306
8	8	654	963
8	9	1289	565
8	10	1767	259
8	11	1184	186
8	12	749	664
8	13	1432	144
8	14	870	71
8	15	1343	628
8	16	1562	687
8	17	1455	618
8	18	1474	617
8	19	156	763
8	20	1323	840
9	1	1906	257
9	2	1744	72
9	3	1761	128
9	4	1553	223
9	5	824	103
9	6	1052	282
9	7	988	301
9	8	664	960
9	9	1274	576
9	10	1767	259
9	11	1192	187
9	12	740	660
9	13	1453	150
9	14	855	70
9	15	1344	628
9	16	1561	687
9	17	1457	618
9	18	1479	618
9	19	155	762
9	20	1323	839
10	1	1906	257
10	2	1745	71
10	3	1762	129
10	4	1564	236
10	5	838	102
10	6	1050	271
10	7	985	290
10	8	669	966
10	9	1258	587
10	10	1767	259
10	11	1201	188
10	12	725	656
10	13	1464	156
10	14	832	71
10	15	1345	628
10	16	1560	687
10	17	1460	619
10	18	1484	619
10	19	154	762
10	20	1323	839
11	1	1906	257
11	2	1745	70
11	3	1762	129
11	4	1576	245
11	5	849	101
11	6	1037	269
11	7	989	286
11	8	674	974
11	9	1244	592
11	10	1767	259
11	11	1206	187
11	12	706	653
11	13	1480	167
11	14	814	67
11	15	1346	628
11	16	1559	687
11	17	1464	620
11	18	1488	620
11	19	153	761
11	20	1324	839
12	1	1906	257
12	2	1745	71
12	3	1762	129
12	4	1589	249
12	5	858	99
12	6	1025	267
12	7	979	280
12	8	679	983
12	9	1223	605
12	10	1767	259
12	11	1215	187
12	12	690	647
12	13	1492	179
12	14	802	64
12	15	1347	627
12	16	1558	687
12	17	1462	618
12	18	1493	621
12	19	153	761
12	20	1324	839
13	1	1906	257
13	2	1744	72
13	3	1762	129
13	4	1605	255
13	5	874	99
13	6	1006	259
13	7	958	271
13	8	684	992
13	9	1203	615
13	10	1767	259
13	11	1228	182
13	12	698	649
13	13	1506	193
13	14	785	65
13	15	1348	627
13	16	1557	687
13	17	1469	621
13	18	1523	621
13	19	153	761
13	20	1325	839
14	1	1906	257
14	2	1744	73
14	3	1762	129
14	4	1612	266
14	5	891	95
14	6	983	254
14	7	939	266
14	8	679	998
14	9	1187	621
14	10	1767	259
14	11	1237	177
14	12	721	642
14	13	1522	204
14	14	774	67
14	15	1347	627
14	16	1556	687
14	17	1482	621
14	18	1539	621
14	19	153	760
14	20	1325	839
15	1	1906	257
15	2	1743	73
15	3	1762	130
15	4	1612	272
15	5	914	97
15	6	962	246
15	7	907	261
15	8	669	1005
15	9	1169	629
15	10	1767	259
15	11	1247	177
15	12	743	625
15	13	1536	209
15	14	766	68
15	15	1342	628
15	16	1556	687
15	17	1487	619
15	18	1538	621
15	19	153	760
15	20	1325	839
16	1	1906	257
16	2	1743	73
16	3	1762	130
16	4	1609	273
16	5	935	99
16	6	932	235
16	7	870	258
16	8	664	1012
16	9	1156	636
16	10	1767	260
16	11	1250	181
16	12	756	608
16	13	1554	216
16	14	760	66
16	15	1337	628
16	16	1555	687
16	17	1487	619
16	18	1537	621
16	19	153	761
16	20	1326	839
17	1	1906	257
17	2	1743	73
17	3	1762	130
17	4	1598	283
17	5	948	98
17	6	899	231
17	7	834	253
17	8	659	1019
17	9	1149	648
17	10	1768	262
17	11	1249	186
17	12	773	595
17	13	1572	227
17	14	746	62
17	15	1332	629
17	16	1554	687
17	17	1487	619
17	18	1535	621
17	19	152	762
17	20	1326	839
18	1	1906	257
18	2	1743	73
18	3	1762	130
18	4	1596	296
18	5	960	98
18	6	857	225
18	7	784	245
18	8	659	1026
18	9	1135	658
18	10	1767	265
18	11	1248	187
18	12	782	589
18	13	1590	229
18	14	738	58
18	15	1327	630
18	16	1553	687
18	17	1487	619
18	18	1533	621
18	19	151	764
18	20	1326	838
19	1	1906	257
19	2	1743	73
19	3	1762	130
19	4	1605	306
19	5	977	98
19	6	811	221
19	7	762	240
19	8	668	1030
19	9	1117	666
19	10	1765	265
19	11	1247	185
19	12	791	582
19	13	1623	239
19	14	734	56
19	15	1314	630
19	16	1552	687
19	17	1487	619
19	18	1531	621
19	19	149	765
19	20	1327	838
