0	1	741	583
0	2	882	130
0	3	957	179
0	4	918	194
0	5	790	245
0	6	521	13
0	7	585	356
0	8	1346	103
0	9	1083	618
0	10	1426	136
0	11	594	262
0	12	362	74
0	13	1585	208
0	14	1026	581
0	15	579	180
0	16	794	746
0	17	349	754
0	18	288	779
0	19	249	521
0	20	575	21
1	1	805	580
1	2	881	123
1	3	927	180
1	4	887	189
1	5	792	251
1	6	522	13
1	7	549	348
1	8	1324	100
1	9	1087	603
1	10	1382	138
1	11	561	259
1	12	412	67
1	13	1524	199
1	14	1077	582
1	15	618	186
1	16	860	741
1	17	402	759
1	18	339	784
1	19	321	521
1	20	575	21
2	1	870	580
2	2	892	118
2	3	903	178
2	4	860	186
2	5	794	259
2	6	519	14
2	7	512	344
2	8	1296	94
2	9	1091	585
2	10	1344	145
2	11	527	252
2	12	471	63
2	13	1480	196
2	14	1122	584
2	15	656	185
2	16	932	747
2	17	454	762
2	18	396	789
2	19	383	516
2	20	575	21
3	1	916	580
3	2	894	109
3	3	883	177
3	4	839	181
3	5	809	263
3	6	513	15
3	7	475	337
3	8	1267	88
3	9	1085	572
3	10	1299	152
3	11	485	252
3	12	526	58
3	13	1435	188
3	14	1162	590
3	15	697	190
3	16	997	747
3	17	510	765
3	18	458	791
3	19	447	514
3	20	575	21
4	1	978	590
4	2	896	105
4	3	847	173
4	4	808	182
4	5	832	270
4	6	511	14
4	7	441	329
4	8	1248	85
4	9	1084	558
4	10	1257	153
4	11	459	248
4	12	584	56
4	13	1391	180
4	14	1201	589
4	15	736	197
4	16	1060	744
4	17	564	772
4	18	522	795
4	19	509	516
4	20	575	21
5	1	1040	586
5	2	902	95
5	3	817	171
5	4	782	174
5	5	855	282
5	6	522	14
5	7	406	323
5	8	1222	79
5	9	1063	548
5	10	1212	160
5	11	431	238
5	12	656	53
5	13	1351	173
5	14	1244	585
5	15	772	196
5	16	1118	743
5	17	624	775
5	18	577	800
5	19	565	522
5	20	575	21
6	1	1104	585
6	2	894	93
6	3	785	166
6	4	750	177
6	5	878	285
6	6	525	14
6	7	371	315
6	8	1198	74
6	9	1060	539
6	10	1157	164
6	11	403	231
6	12	704	49
6	13	1296	165
6	14	1285	578
6	15	808	201
6	16	1178	744
6	17	693	776
6	18	638	806
6	19	624	515
6	20	575	21
7	1	1160	584
7	2	891	86
7	3	752	163
7	4	715	169
7	5	916	293
7	6	528	14
7	7	340	313
7	8	1175	68
7	9	1051	526
7	10	1105	172
7	11	379	222
7	12	748	51
7	13	1248	159
7	14	1334	573
7	15	839	207
7	16	1230	744
7	17	761	778
7	18	704	806
7	19	684	515
7	20	575	21
8	1	1219	585
8	2	888	80
8	3	711	157
8	4	674	171
8	5	953	304
8	6	531	15
8	7	300	308
8	8	1147	62
8	9	1044	514
8	10	1044	181
8	11	363	219
8	12	804	43
8	13	1204	155
8	14	1373	565
8	15	871	212
8	16	1286	740
8	17	826	781
8	18	766	808
8	19	754	514
8	20	575	21
9	1	1275	583
9	2	882	68
9	3	674	155
9	4	638	166
9	5	993	306
9	6	532	16
9	7	260	298
9	8	1120	60
9	9	1032	499
9	10	994	187
9	11	336	215
9	12	851	40
9	13	1163	148
9	14	1413	551
9	15	901	217
9	16	1338	745
9	17	889	783
9	18	834	813
9	19	821	512
9	20	575	21
10	1	1316	583
10	2	881	63
10	3	636	151
10	4	606	161
10	5	1053	312
10	6	532	15
10	7	234	294
10	8	1097	52
10	9	1009	487
10	10	940	190
10	11	308	211
10	12	894	38
10	13	1126	141
10	14	1447	536
10	15	916	219
10	16	1393	743
10	17	954	785
10	18	911	813
10	19	888	514
10	20	575	21
11	1	1362	587
11	2	880	58
11	3	600	149
11	4	576	160
11	5	1108	318
11	6	530	16
11	7	218	288
11	8	1070	50
11	9	984	473
11	10	882	193
11	11	294	208
11	12	930	41
11	13	1084	134
11	14	1471	526
11	15	942	232
11	16	1452	743
11	17	1023	788
11	18	977	818
11	19	955	512
11	20	575	21
12	1	1415	588
12	2	878	52
12	3	563	146
12	4	534	156
12	5	1171	318
12	6	524	16
12	7	214	280
12	8	1049	45
12	9	960	463
12	10	832	199
12	11	281	198
12	12	976	40
12	13	1036	136
12	14	1508	512
12	15	968	236
12	16	1503	742
12	17	1088	793
12	18	1042	824
12	19	1018	511
12	20	575	21
13	1	1467	593
13	2	880	46
13	3	526	143
13	4	495	155
13	5	1231	321
13	6	521	14
13	7	210	277
13	8	1025	38
13	9	936	452
13	10	778	204
13	11	262	196
13	12	1022	40
13	13	988	132
13	14	1539	502
13	15	986	244
13	16	1560	744
13	17	1157	793
13	18	1108	829
13	19	1086	516
13	20	575	21
14	1	1522	591
14	2	880	40
14	3	486	142
14	4	456	153
14	5	1281	333
14	6	518	18
14	7	197	272
14	8	1007	33
14	9	920	440
14	10	721	211
14	11	232	195
14	12	1076	40
14	13	942	129
14	14	1571	486
14	15	1017	255
14	16	1615	738
14	17	1223	798
14	18	1164	833
14	19	1153	517
14	20	575	21
15	1	1582	592
15	2	878	34
15	3	455	138
15	4	403	147
15	5	1334	341
15	6	517	17
15	7	183	265
15	8	990	29
15	9	908	430
15	10	665	216
15	11	213	190
15	12	1135	38
15	13	898	123
15	14	1608	474
15	15	1049	261
15	16	1671	737
15	17	1271	804
15	18	1213	834
15	19	1225	517
15	20	575	21
16	1	1637	597
16	2	878	30
16	3	414	134
16	4	371	146
16	5	1382	344
16	6	517	17
16	7	174	260
16	8	970	28
16	9	902	420
16	10	603	219
16	11	181	189
16	12	1194	38
16	13	850	121
16	14	1641	457
16	15	1076	265
16	16	1728	738
16	17	1325	810
16	18	1270	842
16	19	1295	518
16	20	575	21
17	1	1696	599
17	2	870	27
17	3	380	132
17	4	335	140
17	5	1430	353
17	6	516	17
17	7	164	256
17	8	958	22
17	9	894	409
17	10	551	230
17	11	153	182
17	12	1256	31
17	13	806	118
17	14	1679	442
17	15	1107	275
17	16	1782	735
17	17	1376	812
17	18	1320	842
17	19	1367	520
17	20	575	21
18	1	1748	604
18	2	864	24
18	3	347	130
18	4	301	139
18	5	1474	361
18	6	515	17
18	7	146	253
18	8	948	17
18	9	881	399
18	10	496	237
18	11	128	180
18	12	1311	29
18	13	767	114
18	14	1706	430
18	15	1138	283
18	16	1832	727
18	17	1427	814
18	18	1367	837
18	19	1431	525
18	20	575	21
19	1	1801	607
19	2	856	20
19	3	319	125
19	4	270	138
19	5	1525	369
19	6	509	13
19	7	128	243
19	8	935	14
19	9	859	393
19	10	452	246
19	11	88	175
19	12	1371	27
19	13	713	113
19	14	1735	420
19	15	1166	283
19	16	1876	726
19	17	1481	822
19	18	1434	843
19	19	1500	525
19	20	575	21
