0	1	893	155
0	2	482	50
0	3	620	121
0	4	465	75
0	5	723	122
0	6	796	264
0	7	737	534
0	8	837	577
0	9	885	119
0	10	916	178
0	11	871	187
0	12	793	256
0	13	521	13
0	14	528	346
0	15	1308	96
0	16	1089	592
0	17	1360	144
0	18	541	255
0	19	440	63
0	20	1103	584
1	1	863	153
1	2	538	47
1	3	606	118
1	4	438	70
1	5	689	120
1	6	746	259
1	7	784	535
1	8	902	581
1	9	893	112
1	10	886	178
1	11	847	183
1	12	801	259
1	13	516	15
1	14	489	341
1	15	1278	93
1	16	1088	578
1	17	1319	148
1	18	503	249
1	19	504	61
1	20	1147	589
2	1	841	147
2	2	594	44
2	3	587	115
2	4	408	70
2	5	653	117
2	6	697	249
2	7	832	538
2	8	953	589
2	9	895	106
2	10	861	175
2	11	820	182
2	12	822	270
2	13	511	15
2	14	455	331
2	15	1254	85
2	16	1083	566
2	17	1273	150
2	18	470	249
2	19	563	57
2	20	1185	590
3	1	825	138
3	2	650	43
3	3	578	113
3	4	394	64
3	5	625	116
3	6	651	247
3	7	881	544
3	8	1018	584
3	9	901	102
3	10	830	172
3	11	792	177
3	12	846	275
3	13	518	14
3	14	421	327
3	15	1233	82
3	16	1069	551
3	17	1231	158
3	18	442	244
3	19	632	52
3	20	1227	586
4	1	803	135
4	2	707	43
4	3	571	108
4	4	387	60
4	5	594	111
4	6	615	238
4	7	910	547
4	8	1080	583
4	9	898	95
4	10	794	167
4	11	763	176
4	12	868	284
4	13	524	14
4	14	383	317
4	15	1207	76
4	16	1062	543
4	17	1182	164
4	18	416	238
4	19	686	51
4	20	1268	582
5	1	794	135
5	2	755	36
5	3	564	102
5	4	370	55
5	5	565	108
5	6	583	233
5	7	963	555
5	8	1138	586
5	9	890	88
5	10	761	165
5	11	729	172
5	12	901	292
5	13	527	14
5	14	354	314
5	15	1185	71
5	16	1054	530
5	17	1125	172
5	18	392	225
5	19	730	48
5	20	1313	574
6	1	786	129
6	2	809	33
6	3	561	97
6	4	361	48
6	5	528	106
6	6	545	232
6	7	1008	559
6	8	1198	585
6	9	889	80
6	10	726	159
6	11	690	170
6	12	938	299
6	13	530	14
6	14	317	311
6	15	1160	63
6	16	1049	520
6	17	1070	176
6	18	372	220
6	19	788	42
6	20	1360	568
7	1	774	126
7	2	857	35
7	3	548	97
7	4	339	49
7	5	500	106
7	6	500	224
7	7	1059	567
7	8	1254	581
7	9	884	73
7	10	688	156
7	11	652	168
7	12	976	305
7	13	532	15
7	14	274	301
7	15	1129	62
7	16	1038	505
7	17	1014	181
7	18	349	216
7	19	832	41
7	20	1398	556
8	1	764	119
8	2	905	30
8	3	547	94
8	4	318	47
8	5	467	105
8	6	465	220
8	7	1111	569
8	8	1298	583
8	9	880	65
8	10	653	152
8	11	619	163
8	12	1028	311
8	13	532	15
8	14	243	295
8	15	1106	56
8	16	1019	492
8	17	964	187
8	18	314	213
8	19	877	40
8	20	1432	544
9	1	760	112
9	2	949	35
9	3	538	85
9	4	303	44
9	5	436	103
9	6	431	209
9	7	1166	572
9	8	1344	587
9	9	884	58
9	10	616	150
9	11	588	160
9	12	1085	314
9	13	532	15
9	14	223	294
9	15	1081	51
9	16	994	477
9	17	904	193
9	18	299	208
9	19	916	38
9	20	1460	536
10	1	749	106
10	2	998	31
10	3	535	75
10	4	279	43
10	5	407	102
10	6	404	208
10	7	1215	579
10	8	1393	587
10	9	878	55
10	10	576	148
10	11	551	158
10	12	1147	316
10	13	527	18
10	14	215	282
10	15	1057	46
10	16	969	467
10	17	854	199
10	18	289	204
10	19	960	41
10	20	1493	517
11	1	750	104
11	2	1053	27
11	3	532	74
11	4	258	43
11	5	379	100
11	6	386	201
11	7	1270	583
11	8	1448	589
11	9	879	48
11	10	542	145
11	11	511	156
11	12	1208	321
11	13	521	15
11	14	213	278
11	15	1038	40
11	16	946	457
11	17	800	202
11	18	269	199
11	19	1004	40
11	20	1527	504
12	1	755	97
12	2	1093	27
12	3	532	69
12	4	240	41
12	5	343	97
12	6	369	194
12	7	1321	587
12	8	1504	587
12	9	881	42
12	10	501	140
12	11	472	154
12	12	1261	329
12	13	518	18
12	14	202	274
12	15	1016	38
12	16	924	445
12	17	743	207
12	18	245	199
12	19	1057	40
12	20	1556	492
13	1	751	92
13	2	1151	28
13	3	531	61
13	4	215	37
13	5	322	93
13	6	358	183
13	7	1370	591
13	8	1557	592
13	9	878	36
13	10	464	138
13	11	425	150
13	12	1310	336
13	13	518	18
13	14	192	271
13	15	996	31
13	16	913	433
13	17	688	213
13	18	221	192
13	19	1110	38
13	20	1593	479
14	1	751	88
14	2	1198	22
14	3	545	55
14	4	181	34
14	5	281	87
14	6	362	176
14	7	1428	593
14	8	1615	595
14	9	879	32
14	10	428	135
14	11	386	148
14	12	1365	342
14	13	517	17
14	14	177	262
14	15	980	27
14	16	902	425
14	17	628	219
14	18	194	189
14	19	1171	39
14	20	1628	464
15	1	762	81
15	2	1258	20
15	3	549	56
15	4	152	33
15	5	255	87
15	6	375	164
15	7	1478	601
15	8	1673	597
15	9	873	28
15	10	394	133
15	11	349	140
15	12	1411	352
15	13	516	17
15	14	168	256
15	15	965	23
15	16	900	412
15	17	572	229
15	18	164	185
15	19	1233	31
15	20	1661	447
16	1	771	76
16	2	1315	17
16	3	565	54
16	4	119	32
16	5	229	87
16	6	381	155
16	7	1530	605
16	8	1726	601
16	9	866	25
16	10	360	131
16	11	313	140
16	12	1456	357
16	13	516	17
16	14	153	256
16	15	950	19
16	16	887	403
16	17	518	234
16	18	141	181
16	19	1288	31
16	20	1696	434
17	1	789	73
17	2	1375	16
17	3	584	54
17	4	86	30
17	5	205	84
17	6	384	154
17	7	1587	607
17	8	1783	608
17	9	860	22
17	10	328	128
17	11	282	139
17	12	1506	365
17	13	513	15
17	14	136	246
17	15	943	14
17	16	868	395
17	17	469	242
17	18	103	177
17	19	1348	28
17	20	1724	424
18	1	801	67
18	2	1433	14
18	3	605	53
18	4	53	27
18	5	181	87
18	6	380	144
18	7	1643	610
18	8	1837	607
18	9	850	18
18	10	297	123
18	11	252	135
18	12	1547	376
18	13	506	13
18	14	119	240
18	15	924	12
18	16	842	389
18	17	426	250
18	18	66	175
18	19	1402	26
18	20	1755	410
19	1	812	57
19	2	1497	11
19	3	626	44
19	4	18	28
19	5	157	86
19	6	375	135
19	7	1701	615
19	8	1894	610
19	9	841	12
19	10	263	120
19	11	219	125
19	12	1589	380
19	13	503	13
19	14	104	234
19	15	914	10
19	16	818	379
19	17	381	260
19	18	29	169
19	19	1469	19
19	20	1786	406
