0	1	678	586
0	2	885	137
0	3	980	185
0	4	943	199
0	5	801	237
0	6	518	12
0	7	625	364
0	8	1378	110
0	9	1094	632
0	10	1470	130
0	11	641	270
0	12	303	78
0	13	1652	218
0	14	976	578
0	15	538	174
0	16	724	745
0	17	291	749
0	18	240	773
0	19	175	527
0	20	575	21
1	1	733	584
1	2	883	131
1	3	959	180
1	4	918	194
1	5	790	244
1	6	521	13
1	7	589	357
1	8	1348	104
1	9	1082	619
1	10	1432	135
1	11	598	262
1	12	360	74
1	13	1591	209
1	14	1022	581
1	15	576	180
1	16	788	746
1	17	344	753
1	18	282	778
1	19	243	521
1	20	575	21
2	1	800	580
2	2	881	124
2	3	930	180
2	4	890	190
2	5	792	250
2	6	522	13
2	7	553	348
2	8	1326	99
2	9	1087	604
2	10	1386	138
2	11	564	260
2	12	409	69
2	13	1530	200
2	14	1073	581
2	15	614	186
2	16	854	742
2	17	397	758
2	18	335	784
2	19	313	519
2	20	575	21
3	1	861	579
3	2	890	118
3	3	906	178
3	4	862	186
3	5	793	259
3	6	520	14
3	7	516	344
3	8	1299	95
3	9	1090	586
3	10	1348	144
3	11	530	253
3	12	455	63
3	13	1486	197
3	14	1116	584
3	15	652	186
3	16	924	746
3	17	449	761
3	18	389	789
3	19	376	515
3	20	575	21
4	1	910	578
4	2	894	110
4	3	886	178
4	4	841	182
4	5	807	262
4	6	514	15
4	7	478	338
4	8	1270	94
4	9	1085	574
4	10	1304	151
4	11	492	251
4	12	521	59
4	13	1439	189
4	14	1158	590
4	15	693	189
4	16	991	747
4	17	504	765
4	18	451	790
4	19	447	514
4	20	575	21
5	1	971	592
5	2	896	105
5	3	850	174
5	4	811	182
5	5	830	270
5	6	510	14
5	7	444	330
5	8	1249	85
5	9	1084	561
5	10	1261	152
5	11	462	248
5	12	584	56
5	13	1397	180
5	14	1197	590
5	15	732	196
5	16	1054	744
5	17	559	771
5	18	514	795
5	19	503	516
5	20	575	21
6	1	1035	585
6	2	901	97
6	3	820	171
6	4	785	175
6	5	853	280
6	6	521	14
6	7	410	324
6	8	1225	80
6	9	1064	549
6	10	1217	159
6	11	436	233
6	12	650	52
6	13	1356	174
6	14	1240	585
6	15	768	196
6	16	1112	743
6	17	617	775
6	18	571	799
6	19	560	521
6	20	575	21
7	1	1098	584
7	2	894	92
7	3	788	166
7	4	754	177
7	5	875	284
7	6	525	14
7	7	374	315
7	8	1201	75
7	9	1061	540
7	10	1163	164
7	11	406	233
7	12	700	49
7	13	1302	166
7	14	1281	579
7	15	805	200
7	16	1172	744
7	17	686	775
7	18	631	805
7	19	618	516
7	20	575	21
8	1	1153	584
8	2	891	87
8	3	754	163
8	4	719	170
8	5	912	293
8	6	528	14
8	7	344	313
8	8	1177	68
8	9	1051	526
8	10	1110	173
8	11	381	222
8	12	744	50
8	13	1253	160
8	14	1328	573
8	15	836	206
8	16	1226	742
8	17	754	777
8	18	697	806
8	19	678	514
8	20	575	21
9	1	1214	585
9	2	888	80
9	3	715	158
9	4	678	171
9	5	949	303
9	6	530	14
9	7	304	309
9	8	1150	62
9	9	1045	515
9	10	1049	181
9	11	365	219
9	12	800	43
9	13	1207	155
9	14	1370	566
9	15	868	212
9	16	1281	739
9	17	819	781
9	18	760	808
9	19	747	514
9	20	575	21
10	1	1272	583
10	2	882	68
10	3	677	155
10	4	642	167
10	5	989	306
10	6	532	16
10	7	263	299
10	8	1122	60
10	9	1035	500
10	10	999	186
10	11	339	215
10	12	846	40
10	13	1168	149
10	14	1410	552
10	15	898	216
10	16	1333	745
10	17	883	783
10	18	827	812
10	19	815	512
10	20	575	21
11	1	1312	583
11	2	880	64
11	3	640	151
11	4	609	161
11	5	1046	312
11	6	532	15
11	7	236	294
11	8	1099	53
11	9	1012	489
11	10	946	189
11	11	309	212
11	12	890	38
11	13	1130	142
11	14	1443	538
11	15	915	219
11	16	1387	743
11	17	948	784
11	18	904	814
11	19	881	513
11	20	575	21
12	1	1357	587
12	2	881	58
12	3	604	150
12	4	579	160
12	5	1102	317
12	6	530	16
12	7	219	290
12	8	1073	50
12	9	986	474
12	10	887	192
12	11	295	208
12	12	927	40
12	13	1087	133
12	14	1468	528
12	15	939	230
12	16	1447	743
12	17	1016	788
12	18	970	818
12	19	948	513
12	20	575	21
13	1	1410	588
13	2	878	53
13	3	566	146
13	4	538	157
13	5	1166	317
13	6	525	17
13	7	215	281
13	8	1050	46
13	9	962	464
13	10	837	199
13	11	283	199
13	12	971	40
13	13	1041	136
13	14	1504	513
13	15	965	236
13	16	1498	741
13	17	1081	792
13	18	1036	823
13	19	1012	512
13	20	575	21
14	1	1462	592
14	2	880	46
14	3	531	144
14	4	499	155
14	5	1226	321
14	6	521	14
14	7	212	278
14	8	1029	38
14	9	938	454
14	10	786	203
14	11	262	197
14	12	1014	39
14	13	992	132
14	14	1536	502
14	15	985	244
14	16	1555	745
14	17	1147	794
14	18	1102	829
14	19	1079	515
14	20	575	21
15	1	1518	590
15	2	880	40
15	3	490	141
15	4	460	154
15	5	1276	333
15	6	518	18
15	7	198	272
15	8	1009	34
15	9	921	441
15	10	726	210
15	11	235	196
15	12	1071	40
15	13	947	130
15	14	1567	487
15	15	1014	253
15	16	1609	738
15	17	1216	798
15	18	1161	834
15	19	1146	517
15	20	575	21
16	1	1576	592
16	2	878	34
16	3	458	138
16	4	409	148
16	5	1328	339
16	6	518	17
16	7	188	265
16	8	992	30
16	9	909	431
16	10	672	215
16	11	215	191
16	12	1128	38
16	13	903	124
16	14	1604	475
16	15	1046	260
16	16	1665	737
16	17	1266	803
16	18	1208	833
16	19	1217	517
16	20	575	21
17	1	1629	599
17	2	879	30
17	3	417	134
17	4	375	147
17	5	1377	342
17	6	517	17
17	7	175	260
17	8	972	27
17	9	902	421
17	10	609	219
17	11	184	189
17	12	1188	39
17	13	855	121
17	14	1638	459
17	15	1073	264
17	16	1723	738
17	17	1319	810
17	18	1264	842
17	19	1288	518
17	20	575	21
18	1	1690	599
18	2	871	27
18	3	384	133
18	4	338	140
18	5	1425	353
18	6	516	17
18	7	165	256
18	8	960	22
18	9	896	409
18	10	556	230
18	11	156	183
18	12	1250	31
18	13	810	118
18	14	1675	443
18	15	1104	274
18	16	1777	736
18	17	1371	812
18	18	1315	842
18	19	1360	519
18	20	575	21
19	1	1741	603
19	2	865	24
19	3	350	130
19	4	304	139
19	5	1469	361
19	6	515	17
19	7	148	255
19	8	948	17
19	9	883	400
19	10	501	237
19	11	133	180
19	12	1305	30
19	13	772	114
19	14	1703	431
19	15	1135	282
19	16	1827	727
19	17	1422	813
19	18	1361	836
19	19	1425	524
19	20	575	21
