0 1 986 488
0 2 237 839
0 3 332 858
0 4 1475 713
0 5 903 474
0 6 1495 562
0 7 801 468
0 8 1404 700
0 9 927 490
0 10 208 953
0 11 754 469
0 12 885 590
0 13 1024 584
0 14 1080 585
0 15 1004 546
0 16 948 537
0 17 1196 604
0 18 1152 567
0 19 1108 573
0 20 1041 540
1 1 996 491
1 2 266 831
1 3 360 847
1 4 1436 711
1 5 923 478
1 6 1454 561
1 7 824 469
1 8 1360 697
1 9 946 496
1 10 241 942
1 11 773 470
1 12 899 592
1 13 1023 589
1 14 1085 585
1 15 1011 553
1 16 954 543
1 17 1198 603
1 18 1174 572
1 19 1143 576
1 20 1066 547
2 1 1006 496
2 2 278 819
2 3 372 836
2 4 1393 706
2 5 931 480
2 6 1420 562
2 7 840 472
2 8 1318 695
2 9 962 497
2 10 264 928
2 11 774 473
2 12 902 598
2 13 1018 591
2 14 1082 585
2 15 1014 556
2 16 954 545
2 17 1187 603
2 18 1204 576
2 19 1170 581
2 20 1086 549
3 1 1018 501
3 2 295 814
3 3 395 828
3 4 1344 699
3 5 939 483
3 6 1379 565
3 7 856 477
3 8 1287 696
3 9 974 500
3 10 279 913
3 11 774 474
3 12 910 603
3 13 1019 596
3 14 1079 589
3 15 1019 559
3 16 944 550
3 17 1178 603
3 18 1232 582
3 19 1203 586
3 20 1104 554
4 1 1022 505
4 2 312 802
4 3 406 820
4 4 1295 693
4 5 940 489
4 6 1337 568
4 7 863 477
4 8 1256 697
4 9 982 505
4 10 304 900
4 11 777 477
4 12 912 610
4 13 1031 593
4 14 1076 588
4 15 1027 566
4 16 943 557
4 17 1172 604
4 18 1263 588
4 19 1235 592
4 20 1128 561
5 1 1033 513
5 2 320 788
5 3 412 808
5 4 1250 692
5 5 949 489
5 6 1296 570
5 7 872 479
5 8 1235 694
5 9 993 506
5 10 323 889
5 11 774 482
5 12 916 615
5 13 1030 598
5 14 1082 592
5 15 1050 575
5 16 945 562
5 17 1167 606
5 18 1303 596
5 19 1265 599
5 20 1151 566
6 1 1044 516
6 2 346 785
6 3 437 799
6 4 1206 688
6 5 960 494
6 6 1268 570
6 7 879 487
6 8 1220 698
6 9 999 510
6 10 349 880
6 11 778 485
6 12 933 620
6 13 1035 598
6 14 1103 596
6 15 1083 580
6 16 947 567
6 17 1177 608
6 18 1344 602
6 19 1298 604
6 20 1180 571
7 1 1053 521
7 2 371 778
7 3 452 796
7 4 1162 684
7 5 970 499
7 6 1226 571
7 7 888 492
7 8 1211 701
7 9 1007 517
7 10 381 869
7 11 782 491
7 12 947 629
7 13 1037 600
7 14 1110 599
7 15 1126 589
7 16 952 575
7 17 1179 613
7 18 1385 609
7 19 1336 610
7 20 1217 583
8 1 1072 527
8 2 384 770
8 3 469 788
8 4 1121 684
8 5 986 505
8 6 1190 572
8 7 913 495
8 8 1209 702
8 9 1017 520
8 10 407 857
8 11 783 496
8 12 979 635
8 13 1041 604
8 14 1108 603
8 15 1166 596
8 16 952 584
8 17 1183 613
8 18 1426 616
8 19 1375 616
8 20 1252 586
9 1 1081 534
9 2 405 767
9 3 498 782
9 4 1086 680
9 5 995 512
9 6 1149 570
9 7 923 505
9 8 1213 705
9 9 1025 524
9 10 440 849
9 11 788 500
9 12 1019 642
9 13 1051 609
9 14 1109 608
9 15 1207 601
9 16 952 590
9 17 1184 614
9 18 1460 620
9 19 1413 621
9 20 1279 591
10 1 1094 539
10 2 436 758
10 3 512 775
10 4 1046 670
10 5 999 513
10 6 1104 570
10 7 936 507
10 8 1224 703
10 9 1037 526
10 10 469 839
10 11 793 504
10 12 1059 647
10 13 1073 609
10 14 1120 608
10 15 1257 607
10 16 957 593
10 17 1187 613
10 18 1500 624
10 19 1452 627
10 20 1330 599
11 1 1109 541
11 2 454 754
11 3 529 768
11 4 1012 666
11 5 1003 515
11 6 1066 571
11 7 949 509
11 8 1247 706
11 9 1042 530
11 10 494 829
11 11 792 507
11 12 1105 651
11 13 1088 612
11 14 1131 610
11 15 1301 617
11 16 963 602
11 17 1194 614
11 18 1538 632
11 19 1480 636
11 20 1381 607
12 1 1116 549
12 2 470 745
12 3 551 761
12 4 967 666
12 5 1009 520
12 6 1032 572
12 7 956 516
12 8 1255 708
12 9 1053 538
12 10 521 816
12 11 795 513
12 12 1144 661
12 13 1094 616
12 14 1138 619
12 15 1357 623
12 16 976 614
12 17 1199 616
12 18 1576 639
12 19 1512 643
12 20 1432 615
13 1 1136 558
13 2 499 742
13 3 563 755
13 4 948 662
13 5 1014 524
13 6 1007 569
13 7 970 518
13 8 1253 711
13 9 1066 544
13 10 538 805
13 11 798 515
13 12 1190 667
13 13 1095 618
13 14 1156 625
13 15 1412 628
13 16 1000 618
13 17 1207 617
13 18 1602 645
13 19 1553 647
13 20 1472 618
14 1 1152 559
14 2 514 735
14 3 575 749
14 4 914 655
14 5 1020 528
14 6 983 568
14 7 979 519
14 8 1259 713
14 9 1082 547
14 10 566 796
14 11 796 517
14 12 1231 671
14 13 1102 622
14 14 1164 630
14 15 1468 634
14 16 1016 620
14 17 1211 621
14 18 1635 653
14 19 1583 651
14 20 1516 621
15 1 1166 560
15 2 525 723
15 3 592 739
15 4 879 648
15 5 1025 532
15 6 957 563
15 7 984 524
15 8 1273 715
15 9 1097 552
15 10 578 786
15 11 799 522
15 12 1266 675
15 13 1113 625
15 14 1166 638
15 15 1527 635
15 16 1035 626
15 17 1194 618
15 18 1662 657
15 19 1616 655
15 20 1559 626
16 1 1188 565
16 2 545 716
16 3 602 732
16 4 848 642
16 5 1031 536
16 6 923 557
16 7 989 528
16 8 1291 715
16 9 1106 556
16 10 597 775
16 11 801 524
16 12 1306 680
16 13 1109 631
16 14 1160 642
16 15 1583 637
16 16 1057 629
16 17 1178 622
16 18 1682 662
16 19 1638 664
16 20 1595 632
17 1 1202 571
17 2 553 713
17 3 611 726
17 4 820 637
17 5 1037 541
17 6 881 556
17 7 993 528
17 8 1314 717
17 9 1117 562
17 10 618 767
17 11 805 525
17 12 1334 685
17 13 1101 638
17 14 1143 646
17 15 1633 643
17 16 1088 631
17 17 1162 625
17 18 1704 666
17 19 1653 667
17 20 1624 635
18 1 1223 573
18 2 556 707
18 3 627 724
18 4 803 635
18 5 1042 544
18 6 844 561
18 7 991 527
18 8 1332 718
18 9 1126 566
18 10 632 761
18 11 817 531
18 12 1370 691
18 13 1088 645
18 14 1135 656
18 15 1676 648
18 16 1146 634
18 17 1130 627
18 18 1719 666
18 19 1675 670
18 20 1644 635
19 1 1261 579
19 2 577 711
19 3 633 725
19 4 802 635
19 5 1048 555
19 6 800 562
19 7 1006 543
19 8 1363 719
19 9 1139 571
19 10 663 762
19 11 824 549
19 12 1419 692
19 13 1075 655
19 14 1130 670
19 15 1719 654
19 16 1194 647
19 17 1121 638
19 18 1762 670
19 19 1697 671
19 20 1674 641
