0 1 1799 762
0 2 1794 724
0 3 525 789
0 4 360 783
0 5 1041 509
0 6 986 488
0 7 237 839
0 8 332 858
0 9 1475 713
0 10 903 474
0 11 1495 562
0 12 801 468
0 13 1404 700
0 14 927 490
0 15 208 953
0 16 754 469
0 17 885 590
0 18 1024 584
0 19 1080 585
0 20 1004 546
1 1 1739 757
1 2 1736 719
1 3 455 793
1 4 322 782
1 5 1058 510
1 6 996 491
1 7 266 831
1 8 360 847
1 9 1436 711
1 10 923 478
1 11 1454 561
1 12 824 469
1 13 1360 697
1 14 946 496
1 15 241 942
1 16 773 470
1 17 899 592
1 18 1023 589
1 19 1085 585
1 20 1011 553
2 1 1680 755
2 2 1678 716
2 3 386 793
2 4 278 785
2 5 1069 516
2 6 1006 496
2 7 278 819
2 8 372 836
2 9 1393 706
2 10 931 480
2 11 1420 562
2 12 840 472
2 13 1318 695
2 14 962 497
2 15 264 928
2 16 774 473
2 17 902 598
2 18 1018 591
2 19 1082 585
2 20 1014 556
3 1 1611 754
3 2 1620 713
3 3 314 789
3 4 237 786
3 5 1077 520
3 6 1018 501
3 7 295 814
3 8 395 828
3 9 1344 699
3 10 939 483
3 11 1379 565
3 12 856 477
3 13 1287 696
3 14 974 500
3 15 279 913
3 16 774 474
3 17 910 603
3 18 1019 596
3 19 1079 589
3 20 1019 559
4 1 1543 757
4 2 1561 718
4 3 255 794
4 4 205 786
4 5 1080 526
4 6 1022 505
4 7 312 802
4 8 406 820
4 9 1295 693
4 10 940 489
4 11 1337 568
4 12 863 477
4 13 1256 697
4 14 982 505
4 15 304 900
4 16 777 477
4 17 912 610
4 18 1031 593
4 19 1076 588
4 20 1027 566
5 1 1490 749
5 2 1512 711
5 3 211 786
5 4 178 788
5 5 1087 529
5 6 1033 513
5 7 320 788
5 8 412 808
5 9 1250 692
5 10 949 489
5 11 1296 570
5 12 872 479
5 13 1235 694
5 14 993 506
5 15 323 889
5 16 774 482
5 17 916 615
5 18 1030 598
5 19 1082 592
5 20 1050 575
6 1 1446 743
6 2 1486 706
6 3 206 787
6 4 179 790
6 5 1094 536
6 6 1044 516
6 7 346 785
6 8 437 799
6 9 1206 688
6 10 960 494
6 11 1268 570
6 12 879 487
6 13 1220 698
6 14 999 510
6 15 349 880
6 16 778 485
6 17 933 620
6 18 1035 598
6 19 1103 596
6 20 1083 580
7 1 1413 737
7 2 1466 704
7 3 205 791
7 4 181 791
7 5 1106 543
7 6 1053 521
7 7 371 778
7 8 452 796
7 9 1162 684
7 10 970 499
7 11 1226 571
7 12 888 492
7 13 1211 701
7 14 1007 517
7 15 381 869
7 16 782 491
7 17 947 629
7 18 1037 600
7 19 1110 599
7 20 1126 589
8 1 1406 727
8 2 1473 700
8 3 220 803
8 4 192 792
8 5 1115 547
8 6 1072 527
8 7 384 770
8 8 469 788
8 9 1121 684
8 10 986 505
8 11 1190 572
8 12 913 495
8 13 1209 702
8 14 1017 520
8 15 407 857
8 16 783 496
8 17 979 635
8 18 1041 604
8 19 1108 603
8 20 1166 596
9 1 1411 717
9 2 1484 692
9 3 236 816
9 4 195 792
9 5 1131 553
9 6 1081 534
9 7 405 767
9 8 498 782
9 9 1086 680
9 10 995 512
9 11 1149 570
9 12 923 505
9 13 1213 705
9 14 1025 524
9 15 440 849
9 16 788 500
9 17 1019 642
9 18 1051 609
9 19 1109 608
9 20 1207 601
10 1 1431 708
10 2 1495 685
10 3 242 825
10 4 200 787
10 5 1141 557
10 6 1094 539
10 7 436 758
10 8 512 775
10 9 1046 670
10 10 999 513
10 11 1104 570
10 12 936 507
10 13 1224 703
10 14 1037 526
10 15 469 839
10 16 793 504
10 17 1059 647
10 18 1073 609
10 19 1120 608
10 20 1257 607
11 1 1450 704
11 2 1519 682
11 3 262 843
11 4 219 784
11 5 1159 562
11 6 1109 541
11 7 454 754
11 8 529 768
11 9 1012 666
11 10 1003 515
11 11 1066 571
11 12 949 509
11 13 1247 706
11 14 1042 530
11 15 494 829
11 16 792 507
11 17 1105 651
11 18 1088 612
11 19 1131 610
11 20 1301 617
12 1 1469 702
12 2 1534 676
12 3 276 857
12 4 257 781
12 5 1171 571
12 6 1116 549
12 7 470 745
12 8 551 761
12 9 967 666
12 10 1009 520
12 11 1032 572
12 12 956 516
12 13 1255 708
12 14 1053 538
12 15 521 816
12 16 795 513
12 17 1144 661
12 18 1094 616
12 19 1138 619
12 20 1357 623
13 1 1488 695
13 2 1541 673
13 3 280 868
13 4 290 784
13 5 1184 575
13 6 1136 558
13 7 499 742
13 8 563 755
13 9 948 662
13 10 1014 524
13 11 1007 569
13 12 970 518
13 13 1253 711
13 14 1066 544
13 15 538 805
13 16 798 515
13 17 1190 667
13 18 1095 618
13 19 1156 625
13 20 1412 628
14 1 1496 689
14 2 1546 669
14 3 281 886
14 4 319 769
14 5 1198 578
14 6 1152 559
14 7 514 735
14 8 575 749
14 9 914 655
14 10 1020 528
14 11 983 568
14 12 979 519
14 13 1259 713
14 14 1082 547
14 15 566 796
14 16 796 517
14 17 1231 671
14 18 1102 622
14 19 1164 630
14 20 1468 634
15 1 1506 684
15 2 1546 661
15 3 271 901
15 4 351 756
15 5 1206 580
15 6 1166 560
15 7 525 723
15 8 592 739
15 9 879 648
15 10 1025 532
15 11 957 563
15 12 984 524
15 13 1273 715
15 14 1097 552
15 15 578 786
15 16 799 522
15 17 1266 675
15 18 1113 625
15 19 1166 638
15 20 1527 635
16 1 1504 682
16 2 1540 658
16 3 257 912
16 4 368 749
16 5 1222 582
16 6 1188 565
16 7 545 716
16 8 602 732
16 9 848 642
16 10 1031 536
16 11 923 557
16 12 989 528
16 13 1291 715
16 14 1106 556
16 15 597 775
16 16 801 524
16 17 1306 680
16 18 1109 631
16 19 1160 642
16 20 1583 637
17 1 1500 676
17 2 1549 657
17 3 234 930
17 4 380 748
17 5 1238 586
17 6 1202 571
17 7 553 713
17 8 611 726
17 9 820 637
17 10 1037 541
17 11 881 556
17 12 993 528
17 13 1314 717
17 14 1117 562
17 15 618 767
17 16 805 525
17 17 1334 685
17 18 1101 638
17 19 1143 646
17 20 1633 643
18 1 1512 666
18 2 1566 645
18 3 192 956
18 4 389 748
18 5 1267 589
18 6 1223 573
18 7 556 707
18 8 627 724
18 9 803 635
18 10 1042 544
18 11 844 561
18 12 991 527
18 13 1332 718
18 14 1126 566
18 15 632 761
18 16 817 531
18 17 1370 691
18 18 1088 645
18 19 1135 656
18 20 1676 648
19 1 1532 662
19 2 1577 638
19 3 153 985
19 4 397 758
19 5 1297 602
19 6 1261 579
19 7 577 711
19 8 633 725
19 9 802 635
19 10 1048 555
19 11 800 562
19 12 1006 543
19 13 1363 719
19 14 1139 571
19 15 663 762
19 16 824 549
19 17 1419 692
19 18 1075 655
19 19 1130 670
19 20 1719 654
