0.000000	1.000000	2.284549	1.497746
0.000000	2.000000	-6.899139	0.239590
0.000000	3.000000	7.565122	2.567705
0.000000	4.000000	-0.057295	-2.996353
0.000000	5.000000	-2.275861	-3.952254
0.000000	6.000000	15.323278	-0.184549
0.000000	7.000000	0.290451	-2.778647
0.000000	8.000000	-0.044098	-0.003647
0.000000	9.000000	1.081559	-6.150532
0.000000	10.000000	16.471353	-0.511803
0.000000	11.000000	-2.062664	0.453647
0.000000	12.000000	3.361803	1.804508
0.000000	13.000000	1.008688	2.847746
0.000000	14.000000	0.000000	-0.000000
0.000000	15.000000	0.025000	0.125000
0.000000	16.000000	0.000000	-0.000000
0.000000	17.000000	-1.434017	-3.589590
0.000000	18.000000	-5.675861	0.209549
0.000000	19.000000	7.219427	3.188197
0.000000	20.000000	5.035410	3.169959
1.000000	1.000000	-1.161929	-0.985207
1.000000	2.000000	4.601770	0.290451
1.000000	3.000000	-4.827099	-1.645085
1.000000	4.000000	0.067705	1.849593
1.000000	5.000000	1.471478	2.455824
1.000000	6.000000	-9.534567	0.172214
1.000000	7.000000	-0.204508	1.809143
1.000000	8.000000	0.033156	-0.059549
1.000000	9.000000	-0.820288	3.717221
1.000000	10.000000	-10.425347	0.353115
1.000000	11.000000	1.272010	-0.235410
1.000000	12.000000	-1.933282	-1.199797
1.000000	13.000000	-0.851190	-1.721807
1.000000	14.000000	-0.000000	0.000000
1.000000	15.000000	-0.030902	-0.111803
1.000000	16.000000	0.000000	-0.000000
1.000000	17.000000	0.892502	2.262587
1.000000	18.000000	3.473326	-0.000861
1.000000	19.000000	-4.663902	-2.160865
1.000000	20.000000	-3.026441	-2.075455
2.000000	1.000000	-0.404508	0.096353
2.000000	2.000000	-0.546681	-0.709549
2.000000	3.000000	0.245288	0.094098
2.000000	4.000000	-0.052254	0.003647
2.000000	5.000000	-0.105041	-0.021353
2.000000	6.000000	0.103976	-0.094098
2.000000	7.000000	0.040451	-0.148607
2.000000	8.000000	-0.009549	0.100000
2.000000	9.000000	0.245695	0.135942
2.000000	10.000000	0.397214	-0.059549
2.000000	11.000000	0.004508	-0.072746
2.000000	12.000000	-0.233688	0.136803
2.000000	13.000000	0.368566	-0.061803
2.000000	14.000000	0.000000	-0.000000
2.000000	15.000000	0.025000	0.055902
2.000000	16.000000	-0.000000	0.000000
2.000000	17.000000	-0.010081	-0.071353
2.000000	18.000000	0.055902	-0.208156
2.000000	19.000000	0.326925	0.308156
2.000000	20.000000	-0.138525	0.188197
3.000000	1.000000	1.816438	0.829305
3.000000	2.000000	-3.717221	0.857624
3.000000	3.000000	4.430214	1.492831
3.000000	4.000000	0.016844	-1.855495
3.000000	5.000000	-1.301519	-2.421275
3.000000	6.000000	9.366330	-0.019959
3.000000	7.000000	0.139058	-1.568692
3.000000	8.000000	-0.017705	-0.102254
3.000000	9.000000	0.422746	-3.937180
3.000000	10.000000	9.782642	-0.256763
3.000000	11.000000	-1.279305	0.353115
3.000000	12.000000	2.311397	0.978444
3.000000	13.000000	0.254837	1.821807
3.000000	14.000000	-0.000000	0.000000
3.000000	15.000000	-0.009549	0.021353
3.000000	16.000000	0.000000	-0.000000
3.000000	17.000000	-0.876190	-2.147136
3.000000	18.000000	-3.563777	0.337664
3.000000	19.000000	4.134926	1.662258
3.000000	20.000000	3.250580	1.770946
4.000000	1.000000	-2.534549	-1.438197
4.000000	2.000000	6.561271	-0.678115
4.000000	3.000000	-7.413525	-2.509549
4.000000	4.000000	0.025000	2.998607
4.000000	5.000000	2.210942	3.939058
4.000000	6.000000	-15.259017	0.126393
4.000000	7.000000	-0.265451	2.686803
4.000000	8.000000	0.038197	0.065451
4.000000	9.000000	-0.929712	6.234549
4.000000	10.000000	-16.225861	0.475000
4.000000	11.000000	2.065451	-0.498607
4.000000	12.000000	-3.506231	-1.719959
4.000000	13.000000	-0.780902	-2.885942
4.000000	14.000000	0.000000	-0.000000
4.000000	15.000000	-0.009549	-0.090451
4.000000	16.000000	-0.000000	0.000000
4.000000	17.000000	1.427786	3.545492
4.000000	18.000000	5.710410	-0.338197
4.000000	19.000000	-7.017376	-2.997746
4.000000	20.000000	-5.121024	-3.053647
5.000000	1.000000	2.284549	1.497746
5.000000	2.000000	-6.899139	0.239590
5.000000	3.000000	7.565122	2.567705
5.000000	4.000000	-0.057295	-2.996353
5.000000	5.000000	-2.275861	-3.952254
5.000000	6.000000	15.323278	-0.184549
5.000000	7.000000	0.290451	-2.778647
5.000000	8.000000	-0.044098	-0.003647
5.000000	9.000000	1.081559	-6.150532
5.000000	10.000000	16.471353	-0.511803
5.000000	11.000000	-2.062664	0.453647
5.000000	12.000000	3.361803	1.804508
5.000000	13.000000	1.008688	2.847746
5.000000	14.000000	0.000000	-0.000000
5.000000	15.000000	0.025000	0.125000
5.000000	16.000000	0.000000	-0.000000
5.000000	17.000000	-1.434017	-3.589590
5.000000	18.000000	-5.675861	0.209549
5.000000	19.000000	7.219427	3.188197
5.000000	20.000000	5.035410	3.169959
6.000000	1.000000	-1.161929	-0.985207
6.000000	2.000000	4.601770	0.290451
6.000000	3.000000	-4.827099	-1.645085
6.000000	4.000000	0.067705	1.849593
6.000000	5.000000	1.471478	2.455824
6.000000	6.000000	-9.534567	0.172214
6.000000	7.000000	-0.204508	1.809143
6.000000	8.000000	0.033156	-0.059549
6.000000	9.000000	-0.820288	3.717221
6.000000	10.000000	-10.425347	0.353115
6.000000	11.000000	1.272010	-0.235410
6.000000	12.000000	-1.933282	-1.199797
6.000000	13.000000	-0.851190	-1.721807
6.000000	14.000000	-0.000000	0.000000
6.000000	15.000000	-0.030902	-0.111803
6.000000	16.000000	0.000000	-0.000000
6.000000	17.000000	0.892502	2.262587
6.000000	18.000000	3.473326	-0.000861
6.000000	19.000000	-4.663902	-2.160865
6.000000	20.000000	-3.026441	-2.075455
7.000000	1.000000	-0.404508	0.096353
7.000000	2.000000	-0.546681	-0.709549
7.000000	3.000000	0.245288	0.094098
7.000000	4.000000	-0.052254	0.003647
7.000000	5.000000	-0.105041	-0.021353
7.000000	6.000000	0.103976	-0.094098
7.000000	7.000000	0.040451	-0.148607
7.000000	8.000000	-0.009549	0.100000
7.000000	9.000000	0.245695	0.135942
7.000000	10.000000	0.397214	-0.059549
7.000000	11.000000	0.004508	-0.072746
7.000000	12.000000	-0.233688	0.136803
7.000000	13.000000	0.368566	-0.061803
7.000000	14.000000	0.000000	-0.000000
7.000000	15.000000	0.025000	0.055902
7.000000	16.000000	-0.000000	0.000000
7.000000	17.000000	-0.010081	-0.071353
7.000000	18.000000	0.055902	-0.208156
7.000000	19.000000	0.326925	0.308156
7.000000	20.000000	-0.138525	0.188197
8.000000	1.000000	1.816438	0.829305
8.000000	2.000000	-3.717221	0.857624
8.000000	3.000000	4.430214	1.492831
8.000000	4.000000	0.016844	-1.855495
8.000000	5.000000	-1.301519	-2.421275
8.000000	6.000000	9.366330	-0.019959
8.000000	7.000000	0.139058	-1.568692
8.000000	8.000000	-0.017705	-0.102254
8.000000	9.000000	0.422746	-3.937180
8.000000	10.000000	9.782642	-0.256763
8.000000	11.000000	-1.279305	0.353115
8.000000	12.000000	2.311397	0.978444
8.000000	13.000000	0.254837	1.821807
8.000000	14.000000	-0.000000	0.000000
8.000000	15.000000	-0.009549	0.021353
8.000000	16.000000	0.000000	-0.000000
8.000000	17.000000	-0.876190	-2.147136
8.000000	18.000000	-3.563777	0.337664
8.000000	19.000000	4.134926	1.662258
8.000000	20.000000	3.250580	1.770946
9.000000	1.000000	-2.534549	-1.438197
9.000000	2.000000	6.561271	-0.678115
9.000000	3.000000	-7.413525	-2.509549
9.000000	4.000000	0.025000	2.998607
9.000000	5.000000	2.210942	3.939058
9.000000	6.000000	-15.259017	0.126393
9.000000	7.000000	-0.265451	2.686803
9.000000	8.000000	0.038197	0.065451
9.000000	9.000000	-0.929712	6.234549
9.000000	10.000000	-16.225861	0.475000
9.000000	11.000000	2.065451	-0.498607
9.000000	12.000000	-3.506231	-1.719959
9.000000	13.000000	-0.780902	-2.885942
9.000000	14.000000	0.000000	-0.000000
9.000000	15.000000	-0.009549	-0.090451
9.000000	16.000000	-0.000000	0.000000
9.000000	17.000000	1.427786	3.545492
9.000000	18.000000	5.710410	-0.338197
9.000000	19.000000	-7.017376	-2.997746
9.000000	20.000000	-5.121024	-3.053647
10.000000	1.000000	2.284549	1.497746
10.000000	2.000000	-6.899139	0.239590
10.000000	3.000000	7.565122	2.567705
10.000000	4.000000	-0.057295	-2.996353
10.000000	5.000000	-2.275861	-3.952254
10.000000	6.000000	15.323278	-0.184549
10.000000	7.000000	0.290451	-2.778647
10.000000	8.000000	-0.044098	-0.003647
10.000000	9.000000	1.081559	-6.150532
10.000000	10.000000	16.471353	-0.511803
10.000000	11.000000	-2.062664	0.453647
10.000000	12.000000	3.361803	1.804508
10.000000	13.000000	1.008688	2.847746
10.000000	14.000000	0.000000	-0.000000
10.000000	15.000000	0.025000	0.125000
10.000000	16.000000	0.000000	-0.000000
10.000000	17.000000	-1.434017	-3.589590
10.000000	18.000000	-5.675861	0.209549
10.000000	19.000000	7.219427	3.188197
10.000000	20.000000	5.035410	3.169959
11.000000	1.000000	-1.161929	-0.985207
11.000000	2.000000	4.601770	0.290451
11.000000	3.000000	-4.827099	-1.645085
11.000000	4.000000	0.067705	1.849593
11.000000	5.000000	1.471478	2.455824
11.000000	6.000000	-9.534567	0.172214
11.000000	7.000000	-0.204508	1.809143
11.000000	8.000000	0.033156	-0.059549
11.000000	9.000000	-0.820288	3.717221
11.000000	10.000000	-10.425347	0.353115
11.000000	11.000000	1.272010	-0.235410
11.000000	12.000000	-1.933282	-1.199797
11.000000	13.000000	-0.851190	-1.721807
11.000000	14.000000	-0.000000	0.000000
11.000000	15.000000	-0.030902	-0.111803
11.000000	16.000000	0.000000	-0.000000
11.000000	17.000000	0.892502	2.262587
11.000000	18.000000	3.473326	-0.000861
11.000000	19.000000	-4.663902	-2.160865
11.000000	20.000000	-3.026441	-2.075455
12.000000	1.000000	-0.404508	0.096353
12.000000	2.000000	-0.546681	-0.709549
12.000000	3.000000	0.245288	0.094098
12.000000	4.000000	-0.052254	0.003647
12.000000	5.000000	-0.105041	-0.021353
12.000000	6.000000	0.103976	-0.094098
12.000000	7.000000	0.040451	-0.148607
12.000000	8.000000	-0.009549	0.100000
12.000000	9.000000	0.245695	0.135942
12.000000	10.000000	0.397214	-0.059549
12.000000	11.000000	0.004508	-0.072746
12.000000	12.000000	-0.233688	0.136803
12.000000	13.000000	0.368566	-0.061803
12.000000	14.000000	0.000000	-0.000000
12.000000	15.000000	0.025000	0.055902
12.000000	16.000000	-0.000000	0.000000
12.000000	17.000000	-0.010081	-0.071353
12.000000	18.000000	0.055902	-0.208156
12.000000	19.000000	0.326925	0.308156
12.000000	20.000000	-0.138525	0.188197
13.000000	1.000000	1.816438	0.829305
13.000000	2.000000	-3.717221	0.857624
13.000000	3.000000	4.430214	1.492831
13.000000	4.000000	0.016844	-1.855495
13.000000	5.000000	-1.301519	-2.421275
13.000000	6.000000	9.366330	-0.019959
13.000000	7.000000	0.139058	-1.568692
13.000000	8.000000	-0.017705	-0.102254
13.000000	9.000000	0.422746	-3.937180
13.000000	10.000000	9.782642	-0.256763
13.000000	11.000000	-1.279305	0.353115
13.000000	12.000000	2.311397	0.978444
13.000000	13.000000	0.254837	1.821807
13.000000	14.000000	-0.000000	0.000000
13.000000	15.000000	-0.009549	0.021353
13.000000	16.000000	0.000000	-0.000000
13.000000	17.000000	-0.876190	-2.147136
13.000000	18.000000	-3.563777	0.337664
13.000000	19.000000	4.134926	1.662258
13.000000	20.000000	3.250580	1.770946
14.000000	1.000000	-2.534549	-1.438197
14.000000	2.000000	6.561271	-0.678115
14.000000	3.000000	-7.413525	-2.509549
14.000000	4.000000	0.025000	2.998607
14.000000	5.000000	2.210942	3.939058
14.000000	6.000000	-15.259017	0.126393
14.000000	7.000000	-0.265451	2.686803
14.000000	8.000000	0.038197	0.065451
14.000000	9.000000	-0.929712	6.234549
14.000000	10.000000	-16.225861	0.475000
14.000000	11.000000	2.065451	-0.498607
14.000000	12.000000	-3.506231	-1.719959
14.000000	13.000000	-0.780902	-2.885942
14.000000	14.000000	0.000000	-0.000000
14.000000	15.000000	-0.009549	-0.090451
14.000000	16.000000	-0.000000	0.000000
14.000000	17.000000	1.427786	3.545492
14.000000	18.000000	5.710410	-0.338197
14.000000	19.000000	-7.017376	-2.997746
14.000000	20.000000	-5.121024	-3.053647
15.000000	1.000000	2.284549	1.497746
15.000000	2.000000	-6.899139	0.239590
15.000000	3.000000	7.565122	2.567705
15.000000	4.000000	-0.057295	-2.996353
15.000000	5.000000	-2.275861	-3.952254
15.000000	6.000000	15.323278	-0.184549
15.000000	7.000000	0.290451	-2.778647
15.000000	8.000000	-0.044098	-0.003647
15.000000	9.000000	1.081559	-6.150532
15.000000	10.000000	16.471353	-0.511803
15.000000	11.000000	-2.062664	0.453647
15.000000	12.000000	3.361803	1.804508
15.000000	13.000000	1.008688	2.847746
15.000000	14.000000	0.000000	-0.000000
15.000000	15.000000	0.025000	0.125000
15.000000	16.000000	0.000000	-0.000000
15.000000	17.000000	-1.434017	-3.589590
15.000000	18.000000	-5.675861	0.209549
15.000000	19.000000	7.219427	3.188197
15.000000	20.000000	5.035410	3.169959
16.000000	1.000000	-1.161929	-0.985207
16.000000	2.000000	4.601770	0.290451
16.000000	3.000000	-4.827099	-1.645085
16.000000	4.000000	0.067705	1.849593
16.000000	5.000000	1.471478	2.455824
16.000000	6.000000	-9.534567	0.172214
16.000000	7.000000	-0.204508	1.809143
16.000000	8.000000	0.033156	-0.059549
16.000000	9.000000	-0.820288	3.717221
16.000000	10.000000	-10.425347	0.353115
16.000000	11.000000	1.272010	-0.235410
16.000000	12.000000	-1.933282	-1.199797
16.000000	13.000000	-0.851190	-1.721807
16.000000	14.000000	-0.000000	0.000000
16.000000	15.000000	-0.030902	-0.111803
16.000000	16.000000	0.000000	-0.000000
16.000000	17.000000	0.892502	2.262587
16.000000	18.000000	3.473326	-0.000861
16.000000	19.000000	-4.663902	-2.160865
16.000000	20.000000	-3.026441	-2.075455
17.000000	1.000000	-0.404508	0.096353
17.000000	2.000000	-0.546681	-0.709549
17.000000	3.000000	0.245288	0.094098
17.000000	4.000000	-0.052254	0.003647
17.000000	5.000000	-0.105041	-0.021353
17.000000	6.000000	0.103976	-0.094098
17.000000	7.000000	0.040451	-0.148607
17.000000	8.000000	-0.009549	0.100000
17.000000	9.000000	0.245695	0.135942
17.000000	10.000000	0.397214	-0.059549
17.000000	11.000000	0.004508	-0.072746
17.000000	12.000000	-0.233688	0.136803
17.000000	13.000000	0.368566	-0.061803
17.000000	14.000000	0.000000	-0.000000
17.000000	15.000000	0.025000	0.055902
17.000000	16.000000	-0.000000	0.000000
17.000000	17.000000	-0.010081	-0.071353
17.000000	18.000000	0.055902	-0.208156
17.000000	19.000000	0.326925	0.308156
17.000000	20.000000	-0.138525	0.188197
18.000000	1.000000	1.816438	0.829305
18.000000	2.000000	-3.717221	0.857624
18.000000	3.000000	4.430214	1.492831
18.000000	4.000000	0.016844	-1.855495
18.000000	5.000000	-1.301519	-2.421275
18.000000	6.000000	9.366330	-0.019959
18.000000	7.000000	0.139058	-1.568692
18.000000	8.000000	-0.017705	-0.102254
18.000000	9.000000	0.422746	-3.937180
18.000000	10.000000	9.782642	-0.256763
18.000000	11.000000	-1.279305	0.353115
18.000000	12.000000	2.311397	0.978444
18.000000	13.000000	0.254837	1.821807
18.000000	14.000000	-0.000000	0.000000
18.000000	15.000000	-0.009549	0.021353
18.000000	16.000000	0.000000	-0.000000
18.000000	17.000000	-0.876190	-2.147136
18.000000	18.000000	-3.563777	0.337664
18.000000	19.000000	4.134926	1.662258
18.000000	20.000000	3.250580	1.770946
19.000000	1.000000	-2.534549	-1.438197
19.000000	2.000000	6.561271	-0.678115
19.000000	3.000000	-7.413525	-2.509549
19.000000	4.000000	0.025000	2.998607
19.000000	5.000000	2.210942	3.939058
19.000000	6.000000	-15.259017	0.126393
19.000000	7.000000	-0.265451	2.686803
19.000000	8.000000	0.038197	0.065451
19.000000	9.000000	-0.929712	6.234549
19.000000	10.000000	-16.225861	0.475000
19.000000	11.000000	2.065451	-0.498607
19.000000	12.000000	-3.506231	-1.719959
19.000000	13.000000	-0.780902	-2.885942
19.000000	14.000000	0.000000	-0.000000
19.000000	15.000000	-0.009549	-0.090451
19.000000	16.000000	-0.000000	0.000000
19.000000	17.000000	1.427786	3.545492
19.000000	18.000000	5.710410	-0.338197
19.000000	19.000000	-7.017376	-2.997746
19.000000	20.000000	-5.121024	-3.053647
