0.000000	1.000000	-4.650000	7.250000
0.000000	2.000000	5.750000	10.200000
0.000000	3.000000	5.900000	9.500000
0.000000	4.000000	-0.850000	9.450000
0.000000	5.000000	-0.650000	9.500000
0.000000	6.000000	-2.100000	8.400000
0.000000	7.000000	-5.000000	8.200000
0.000000	8.000000	-6.400000	8.850000
0.000000	9.000000	-0.150000	9.400000
0.000000	10.000000	1.500000	7.200000
0.000000	11.000000	0.350000	6.000000
0.000000	12.000000	-0.050000	8.700000
0.000000	13.000000	-0.050000	9.000000
0.000000	14.000000	-5.650000	6.400000
0.000000	15.000000	7.350000	8.850000
0.000000	16.000000	8.150000	9.750000
0.000000	17.000000	2.250000	7.400000
0.000000	18.000000	8.900000	5.200000
0.000000	19.000000	-7.650000	6.350000
0.000000	20.000000	-10.400000	6.450000
1.000000	1.000000	4.650000	-7.250000
1.000000	2.000000	-5.750000	-10.200000
1.000000	3.000000	-5.900000	-9.500000
1.000000	4.000000	0.850000	-9.450000
1.000000	5.000000	0.650000	-9.500000
1.000000	6.000000	2.100000	-8.400000
1.000000	7.000000	5.000000	-8.200000
1.000000	8.000000	6.400000	-8.850000
1.000000	9.000000	0.150000	-9.400000
1.000000	10.000000	-1.500000	-7.200000
1.000000	11.000000	-0.350000	-6.000000
1.000000	12.000000	0.050000	-8.700000
1.000000	13.000000	0.050000	-9.000000
1.000000	14.000000	5.650000	-6.400000
1.000000	15.000000	-7.350000	-8.850000
1.000000	16.000000	-8.150000	-9.750000
1.000000	17.000000	-2.250000	-7.400000
1.000000	18.000000	-8.900000	-5.200000
1.000000	19.000000	7.650000	-6.350000
1.000000	20.000000	10.400000	-6.450000
2.000000	1.000000	-4.650000	7.250000
2.000000	2.000000	5.750000	10.200000
2.000000	3.000000	5.900000	9.500000
2.000000	4.000000	-0.850000	9.450000
2.000000	5.000000	-0.650000	9.500000
2.000000	6.000000	-2.100000	8.400000
2.000000	7.000000	-5.000000	8.200000
2.000000	8.000000	-6.400000	8.850000
2.000000	9.000000	-0.150000	9.400000
2.000000	10.000000	1.500000	7.200000
2.000000	11.000000	0.350000	6.000000
2.000000	12.000000	-0.050000	8.700000
2.000000	13.000000	-0.050000	9.000000
2.000000	14.000000	-5.650000	6.400000
2.000000	15.000000	7.350000	8.850000
2.000000	16.000000	8.150000	9.750000
2.000000	17.000000	2.250000	7.400000
2.000000	18.000000	8.900000	5.200000
2.000000	19.000000	-7.650000	6.350000
2.000000	20.000000	-10.400000	6.450000
3.000000	1.000000	4.650000	-7.250000
3.000000	2.000000	-5.750000	-10.200000
3.000000	3.000000	-5.900000	-9.500000
3.000000	4.000000	0.850000	-9.450000
3.000000	5.000000	0.650000	-9.500000
3.000000	6.000000	2.100000	-8.400000
3.000000	7.000000	5.000000	-8.200000
3.000000	8.000000	6.400000	-8.850000
3.000000	9.000000	0.150000	-9.400000
3.000000	10.000000	-1.500000	-7.200000
3.000000	11.000000	-0.350000	-6.000000
3.000000	12.000000	0.050000	-8.700000
3.000000	13.000000	0.050000	-9.000000
3.000000	14.000000	5.650000	-6.400000
3.000000	15.000000	-7.350000	-8.850000
3.000000	16.000000	-8.150000	-9.750000
3.000000	17.000000	-2.250000	-7.400000
3.000000	18.000000	-8.900000	-5.200000
3.000000	19.000000	7.650000	-6.350000
3.000000	20.000000	10.400000	-6.450000
4.000000	1.000000	-4.650000	7.250000
4.000000	2.000000	5.750000	10.200000
4.000000	3.000000	5.900000	9.500000
4.000000	4.000000	-0.850000	9.450000
4.000000	5.000000	-0.650000	9.500000
4.000000	6.000000	-2.100000	8.400000
4.000000	7.000000	-5.000000	8.200000
4.000000	8.000000	-6.400000	8.850000
4.000000	9.000000	-0.150000	9.400000
4.000000	10.000000	1.500000	7.200000
4.000000	11.000000	0.350000	6.000000
4.000000	12.000000	-0.050000	8.700000
4.000000	13.000000	-0.050000	9.000000
4.000000	14.000000	-5.650000	6.400000
4.000000	15.000000	7.350000	8.850000
4.000000	16.000000	8.150000	9.750000
4.000000	17.000000	2.250000	7.400000
4.000000	18.000000	8.900000	5.200000
4.000000	19.000000	-7.650000	6.350000
4.000000	20.000000	-10.400000	6.450000
5.000000	1.000000	4.650000	-7.250000
5.000000	2.000000	-5.750000	-10.200000
5.000000	3.000000	-5.900000	-9.500000
5.000000	4.000000	0.850000	-9.450000
5.000000	5.000000	0.650000	-9.500000
5.000000	6.000000	2.100000	-8.400000
5.000000	7.000000	5.000000	-8.200000
5.000000	8.000000	6.400000	-8.850000
5.000000	9.000000	0.150000	-9.400000
5.000000	10.000000	-1.500000	-7.200000
5.000000	11.000000	-0.350000	-6.000000
5.000000	12.000000	0.050000	-8.700000
5.000000	13.000000	0.050000	-9.000000
5.000000	14.000000	5.650000	-6.400000
5.000000	15.000000	-7.350000	-8.850000
5.000000	16.000000	-8.150000	-9.750000
5.000000	17.000000	-2.250000	-7.400000
5.000000	18.000000	-8.900000	-5.200000
5.000000	19.000000	7.650000	-6.350000
5.000000	20.000000	10.400000	-6.450000
6.000000	1.000000	-4.650000	7.250000
6.000000	2.000000	5.750000	10.200000
6.000000	3.000000	5.900000	9.500000
6.000000	4.000000	-0.850000	9.450000
6.000000	5.000000	-0.650000	9.500000
6.000000	6.000000	-2.100000	8.400000
6.000000	7.000000	-5.000000	8.200000
6.000000	8.000000	-6.400000	8.850000
6.000000	9.000000	-0.150000	9.400000
6.000000	10.000000	1.500000	7.200000
6.000000	11.000000	0.350000	6.000000
6.000000	12.000000	-0.050000	8.700000
6.000000	13.000000	-0.050000	9.000000
6.000000	14.000000	-5.650000	6.400000
6.000000	15.000000	7.350000	8.850000
6.000000	16.000000	8.150000	9.750000
6.000000	17.000000	2.250000	7.400000
6.000000	18.000000	8.900000	5.200000
6.000000	19.000000	-7.650000	6.350000
6.000000	20.000000	-10.400000	6.450000
7.000000	1.000000	4.650000	-7.250000
7.000000	2.000000	-5.750000	-10.200000
7.000000	3.000000	-5.900000	-9.500000
7.000000	4.000000	0.850000	-9.450000
7.000000	5.000000	0.650000	-9.500000
7.000000	6.000000	2.100000	-8.400000
7.000000	7.000000	5.000000	-8.200000
7.000000	8.000000	6.400000	-8.850000
7.000000	9.000000	0.150000	-9.400000
7.000000	10.000000	-1.500000	-7.200000
7.000000	11.000000	-0.350000	-6.000000
7.000000	12.000000	0.050000	-8.700000
7.000000	13.000000	0.050000	-9.000000
7.000000	14.000000	5.650000	-6.400000
7.000000	15.000000	-7.350000	-8.850000
7.000000	16.000000	-8.150000	-9.750000
7.000000	17.000000	-2.250000	-7.400000
7.000000	18.000000	-8.900000	-5.200000
7.000000	19.000000	7.650000	-6.350000
7.000000	20.000000	10.400000	-6.450000
8.000000	1.000000	-4.650000	7.250000
8.000000	2.000000	5.750000	10.200000
8.000000	3.000000	5.900000	9.500000
8.000000	4.000000	-0.850000	9.450000
8.000000	5.000000	-0.650000	9.500000
8.000000	6.000000	-2.100000	8.400000
8.000000	7.000000	-5.000000	8.200000
8.000000	8.000000	-6.400000	8.850000
8.000000	9.000000	-0.150000	9.400000
8.000000	10.000000	1.500000	7.200000
8.000000	11.000000	0.350000	6.000000
8.000000	12.000000	-0.050000	8.700000
8.000000	13.000000	-0.050000	9.000000
8.000000	14.000000	-5.650000	6.400000
8.000000	15.000000	7.350000	8.850000
8.000000	16.000000	8.150000	9.750000
8.000000	17.000000	2.250000	7.400000
8.000000	18.000000	8.900000	5.200000
8.000000	19.000000	-7.650000	6.350000
8.000000	20.000000	-10.400000	6.450000
9.000000	1.000000	4.650000	-7.250000
9.000000	2.000000	-5.750000	-10.200000
9.000000	3.000000	-5.900000	-9.500000
9.000000	4.000000	0.850000	-9.450000
9.000000	5.000000	0.650000	-9.500000
9.000000	6.000000	2.100000	-8.400000
9.000000	7.000000	5.000000	-8.200000
9.000000	8.000000	6.400000	-8.850000
9.000000	9.000000	0.150000	-9.400000
9.000000	10.000000	-1.500000	-7.200000
9.000000	11.000000	-0.350000	-6.000000
9.000000	12.000000	0.050000	-8.700000
9.000000	13.000000	0.050000	-9.000000
9.000000	14.000000	5.650000	-6.400000
9.000000	15.000000	-7.350000	-8.850000
9.000000	16.000000	-8.150000	-9.750000
9.000000	17.000000	-2.250000	-7.400000
9.000000	18.000000	-8.900000	-5.200000
9.000000	19.000000	7.650000	-6.350000
9.000000	20.000000	10.400000	-6.450000
10.000000	1.000000	-4.650000	7.250000
10.000000	2.000000	5.750000	10.200000
10.000000	3.000000	5.900000	9.500000
10.000000	4.000000	-0.850000	9.450000
10.000000	5.000000	-0.650000	9.500000
10.000000	6.000000	-2.100000	8.400000
10.000000	7.000000	-5.000000	8.200000
10.000000	8.000000	-6.400000	8.850000
10.000000	9.000000	-0.150000	9.400000
10.000000	10.000000	1.500000	7.200000
10.000000	11.000000	0.350000	6.000000
10.000000	12.000000	-0.050000	8.700000
10.000000	13.000000	-0.050000	9.000000
10.000000	14.000000	-5.650000	6.400000
10.000000	15.000000	7.350000	8.850000
10.000000	16.000000	8.150000	9.750000
10.000000	17.000000	2.250000	7.400000
10.000000	18.000000	8.900000	5.200000
10.000000	19.000000	-7.650000	6.350000
10.000000	20.000000	-10.400000	6.450000
11.000000	1.000000	4.650000	-7.250000
11.000000	2.000000	-5.750000	-10.200000
11.000000	3.000000	-5.900000	-9.500000
11.000000	4.000000	0.850000	-9.450000
11.000000	5.000000	0.650000	-9.500000
11.000000	6.000000	2.100000	-8.400000
11.000000	7.000000	5.000000	-8.200000
11.000000	8.000000	6.400000	-8.850000
11.000000	9.000000	0.150000	-9.400000
11.000000	10.000000	-1.500000	-7.200000
11.000000	11.000000	-0.350000	-6.000000
11.000000	12.000000	0.050000	-8.700000
11.000000	13.000000	0.050000	-9.000000
11.000000	14.000000	5.650000	-6.400000
11.000000	15.000000	-7.350000	-8.850000
11.000000	16.000000	-8.150000	-9.750000
11.000000	17.000000	-2.250000	-7.400000
11.000000	18.000000	-8.900000	-5.200000
11.000000	19.000000	7.650000	-6.350000
11.000000	20.000000	10.400000	-6.450000
12.000000	1.000000	-4.650000	7.250000
12.000000	2.000000	5.750000	10.200000
12.000000	3.000000	5.900000	9.500000
12.000000	4.000000	-0.850000	9.450000
12.000000	5.000000	-0.650000	9.500000
12.000000	6.000000	-2.100000	8.400000
12.000000	7.000000	-5.000000	8.200000
12.000000	8.000000	-6.400000	8.850000
12.000000	9.000000	-0.150000	9.400000
12.000000	10.000000	1.500000	7.200000
12.000000	11.000000	0.350000	6.000000
12.000000	12.000000	-0.050000	8.700000
12.000000	13.000000	-0.050000	9.000000
12.000000	14.000000	-5.650000	6.400000
12.000000	15.000000	7.350000	8.850000
12.000000	16.000000	8.150000	9.750000
12.000000	17.000000	2.250000	7.400000
12.000000	18.000000	8.900000	5.200000
12.000000	19.000000	-7.650000	6.350000
12.000000	20.000000	-10.400000	6.450000
13.000000	1.000000	4.650000	-7.250000
13.000000	2.000000	-5.750000	-10.200000
13.000000	3.000000	-5.900000	-9.500000
13.000000	4.000000	0.850000	-9.450000
13.000000	5.000000	0.650000	-9.500000
13.000000	6.000000	2.100000	-8.400000
13.000000	7.000000	5.000000	-8.200000
13.000000	8.000000	6.400000	-8.850000
13.000000	9.000000	0.150000	-9.400000
13.000000	10.000000	-1.500000	-7.200000
13.000000	11.000000	-0.350000	-6.000000
13.000000	12.000000	0.050000	-8.700000
13.000000	13.000000	0.050000	-9.000000
13.000000	14.000000	5.650000	-6.400000
13.000000	15.000000	-7.350000	-8.850000
13.000000	16.000000	-8.150000	-9.750000
13.000000	17.000000	-2.250000	-7.400000
13.000000	18.000000	-8.900000	-5.200000
13.000000	19.000000	7.650000	-6.350000
13.000000	20.000000	10.400000	-6.450000
14.000000	1.000000	-4.650000	7.250000
14.000000	2.000000	5.750000	10.200000
14.000000	3.000000	5.900000	9.500000
14.000000	4.000000	-0.850000	9.450000
14.000000	5.000000	-0.650000	9.500000
14.000000	6.000000	-2.100000	8.400000
14.000000	7.000000	-5.000000	8.200000
14.000000	8.000000	-6.400000	8.850000
14.000000	9.000000	-0.150000	9.400000
14.000000	10.000000	1.500000	7.200000
14.000000	11.000000	0.350000	6.000000
14.000000	12.000000	-0.050000	8.700000
14.000000	13.000000	-0.050000	9.000000
14.000000	14.000000	-5.650000	6.400000
14.000000	15.000000	7.350000	8.850000
14.000000	16.000000	8.150000	9.750000
14.000000	17.000000	2.250000	7.400000
14.000000	18.000000	8.900000	5.200000
14.000000	19.000000	-7.650000	6.350000
14.000000	20.000000	-10.400000	6.450000
15.000000	1.000000	4.650000	-7.250000
15.000000	2.000000	-5.750000	-10.200000
15.000000	3.000000	-5.900000	-9.500000
15.000000	4.000000	0.850000	-9.450000
15.000000	5.000000	0.650000	-9.500000
15.000000	6.000000	2.100000	-8.400000
15.000000	7.000000	5.000000	-8.200000
15.000000	8.000000	6.400000	-8.850000
15.000000	9.000000	0.150000	-9.400000
15.000000	10.000000	-1.500000	-7.200000
15.000000	11.000000	-0.350000	-6.000000
15.000000	12.000000	0.050000	-8.700000
15.000000	13.000000	0.050000	-9.000000
15.000000	14.000000	5.650000	-6.400000
15.000000	15.000000	-7.350000	-8.850000
15.000000	16.000000	-8.150000	-9.750000
15.000000	17.000000	-2.250000	-7.400000
15.000000	18.000000	-8.900000	-5.200000
15.000000	19.000000	7.650000	-6.350000
15.000000	20.000000	10.400000	-6.450000
16.000000	1.000000	-4.650000	7.250000
16.000000	2.000000	5.750000	10.200000
16.000000	3.000000	5.900000	9.500000
16.000000	4.000000	-0.850000	9.450000
16.000000	5.000000	-0.650000	9.500000
16.000000	6.000000	-2.100000	8.400000
16.000000	7.000000	-5.000000	8.200000
16.000000	8.000000	-6.400000	8.850000
16.000000	9.000000	-0.150000	9.400000
16.000000	10.000000	1.500000	7.200000
16.000000	11.000000	0.350000	6.000000
16.000000	12.000000	-0.050000	8.700000
16.000000	13.000000	-0.050000	9.000000
16.000000	14.000000	-5.650000	6.400000
16.000000	15.000000	7.350000	8.850000
16.000000	16.000000	8.150000	9.750000
16.000000	17.000000	2.250000	7.400000
16.000000	18.000000	8.900000	5.200000
16.000000	19.000000	-7.650000	6.350000
16.000000	20.000000	-10.400000	6.450000
17.000000	1.000000	4.650000	-7.250000
17.000000	2.000000	-5.750000	-10.200000
17.000000	3.000000	-5.900000	-9.500000
17.000000	4.000000	0.850000	-9.450000
17.000000	5.000000	0.650000	-9.500000
17.000000	6.000000	2.100000	-8.400000
17.000000	7.000000	5.000000	-8.200000
17.000000	8.000000	6.400000	-8.850000
17.000000	9.000000	0.150000	-9.400000
17.000000	10.000000	-1.500000	-7.200000
17.000000	11.000000	-0.350000	-6.000000
17.000000	12.000000	0.050000	-8.700000
17.000000	13.000000	0.050000	-9.000000
17.000000	14.000000	5.650000	-6.400000
17.000000	15.000000	-7.350000	-8.850000
17.000000	16.000000	-8.150000	-9.750000
17.000000	17.000000	-2.250000	-7.400000
17.000000	18.000000	-8.900000	-5.200000
17.000000	19.000000	7.650000	-6.350000
17.000000	20.000000	10.400000	-6.450000
18.000000	1.000000	-4.650000	7.250000
18.000000	2.000000	5.750000	10.200000
18.000000	3.000000	5.900000	9.500000
18.000000	4.000000	-0.850000	9.450000
18.000000	5.000000	-0.650000	9.500000
18.000000	6.000000	-2.100000	8.400000
18.000000	7.000000	-5.000000	8.200000
18.000000	8.000000	-6.400000	8.850000
18.000000	9.000000	-0.150000	9.400000
18.000000	10.000000	1.500000	7.200000
18.000000	11.000000	0.350000	6.000000
18.000000	12.000000	-0.050000	8.700000
18.000000	13.000000	-0.050000	9.000000
18.000000	14.000000	-5.650000	6.400000
18.000000	15.000000	7.350000	8.850000
18.000000	16.000000	8.150000	9.750000
18.000000	17.000000	2.250000	7.400000
18.000000	18.000000	8.900000	5.200000
18.000000	19.000000	-7.650000	6.350000
18.000000	20.000000	-10.400000	6.450000
19.000000	1.000000	4.650000	-7.250000
19.000000	2.000000	-5.750000	-10.200000
19.000000	3.000000	-5.900000	-9.500000
19.000000	4.000000	0.850000	-9.450000
19.000000	5.000000	0.650000	-9.500000
19.000000	6.000000	2.100000	-8.400000
19.000000	7.000000	5.000000	-8.200000
19.000000	8.000000	6.400000	-8.850000
19.000000	9.000000	0.150000	-9.400000
19.000000	10.000000	-1.500000	-7.200000
19.000000	11.000000	-0.350000	-6.000000
19.000000	12.000000	0.050000	-8.700000
19.000000	13.000000	0.050000	-9.000000
19.000000	14.000000	5.650000	-6.400000
19.000000	15.000000	-7.350000	-8.850000
19.000000	16.000000	-8.150000	-9.750000
19.000000	17.000000	-2.250000	-7.400000
19.000000	18.000000	-8.900000	-5.200000
19.000000	19.000000	7.650000	-6.350000
19.000000	20.000000	10.400000	-6.450000
