0.000000	1.000000	3.779041	6.786443
0.000000	2.000000	0.084877	2.300909
0.000000	3.000000	8.353969	4.265667
0.000000	4.000000	-1.001038	6.803295
0.000000	5.000000	-1.080235	7.801374
0.000000	6.000000	-0.736132	9.222961
0.000000	7.000000	-1.338352	9.219146
0.000000	8.000000	-0.550063	10.380316
0.000000	9.000000	4.842199	7.342993
0.000000	10.000000	2.618836	2.973482
0.000000	11.000000	12.248790	0.582412
0.000000	12.000000	-3.683332	6.111084
0.000000	13.000000	4.360887	-4.950110
0.000000	14.000000	-0.823918	2.283868
0.000000	15.000000	-8.597333	7.510412
0.000000	16.000000	8.287720	5.655810
0.000000	17.000000	-4.605667	5.875834
0.000000	18.000000	18.013215	-2.210858
0.000000	19.000000	16.696903	-2.031585
0.000000	20.000000	2.588706	6.985038
1.000000	1.000000	-3.406144	-6.166611
1.000000	2.000000	-0.145786	-2.088554
1.000000	3.000000	-7.519472	-3.853628
1.000000	4.000000	0.807075	-6.250391
1.000000	5.000000	0.816438	-7.103691
1.000000	6.000000	0.664683	-8.208946
1.000000	7.000000	1.206757	-8.403009
1.000000	8.000000	0.458421	-9.355474
1.000000	9.000000	-4.364611	-6.642222
1.000000	10.000000	-2.482053	-2.735484
1.000000	11.000000	-11.048025	-0.464545
1.000000	12.000000	3.220321	-5.563738
1.000000	13.000000	-4.104613	4.441624
1.000000	14.000000	0.751455	-2.063725
1.000000	15.000000	7.741829	-6.696830
1.000000	16.000000	-7.333158	-5.070736
1.000000	17.000000	4.106508	-5.212696
1.000000	18.000000	-16.175642	1.850480
1.000000	19.000000	-15.094633	1.803886
1.000000	20.000000	-2.271544	-6.254012
2.000000	1.000000	2.699829	4.943148
2.000000	2.000000	0.192424	1.671755
2.000000	3.000000	5.948916	3.064370
2.000000	4.000000	-0.534111	5.085654
2.000000	5.000000	-0.472722	5.710650
2.000000	6.000000	-0.528171	6.391383
2.000000	7.000000	-0.957036	6.764327
2.000000	8.000000	-0.321906	7.414854
2.000000	9.000000	3.459784	5.291264
2.000000	10.000000	2.102310	2.229717
2.000000	11.000000	8.765803	0.301206
2.000000	12.000000	-2.442082	4.471774
2.000000	13.000000	3.446551	-3.498361
2.000000	14.000000	-0.605434	1.641570
2.000000	15.000000	-6.128501	5.227715
2.000000	16.000000	5.660777	3.989303
2.000000	17.000000	-3.205375	4.039303
2.000000	18.000000	12.754684	-1.308964
2.000000	19.000000	12.014795	-1.399610
2.000000	20.000000	1.732027	4.910800
3.000000	1.000000	-1.729236	-3.235816
3.000000	2.000000	-0.220226	-1.091314
3.000000	3.000000	-3.796040	-1.975149
3.000000	4.000000	0.208863	-3.423098
3.000000	5.000000	0.082733	-3.758610
3.000000	6.000000	0.339957	-3.948187
3.000000	7.000000	0.613634	-4.463506
3.000000	8.000000	0.153881	-4.748417
3.000000	9.000000	-2.216289	-3.422360
3.000000	10.000000	-1.516778	-1.505690
3.000000	11.000000	-5.625522	-0.108382
3.000000	12.000000	1.424795	-2.942082
3.000000	13.000000	-2.451117	2.212653
3.000000	14.000000	0.400149	-1.058727
3.000000	15.000000	3.915273	-3.246875
3.000000	16.000000	-3.434279	-2.517369
3.000000	17.000000	1.990477	-2.470515
3.000000	18.000000	-8.085209	0.639318
3.000000	19.000000	-7.758866	0.858331
3.000000	20.000000	-1.022968	-3.086884
4.000000	1.000000	0.589374	1.211739
4.000000	2.000000	0.226471	0.404048
4.000000	3.000000	1.271580	0.692587
4.000000	4.000000	0.136829	1.425466
4.000000	5.000000	0.315354	1.438652
4.000000	6.000000	-0.118466	1.118515
4.000000	7.000000	-0.210164	1.725766
4.000000	8.000000	0.029208	1.617171
4.000000	9.000000	0.755849	1.218451
4.000000	10.000000	0.782774	0.634276
4.000000	11.000000	1.934577	-0.095050
4.000000	12.000000	-0.268039	1.124398
4.000000	13.000000	1.215750	-0.710356
4.000000	14.000000	-0.155694	0.372249
4.000000	15.000000	-1.318790	0.948208
4.000000	16.000000	0.871609	0.799018
4.000000	17.000000	-0.580738	0.659895
4.000000	18.000000	2.624297	0.092909
4.000000	19.000000	2.743445	-0.233032
4.000000	20.000000	0.213773	0.960803
5.000000	1.000000	0.608181	0.930951
5.000000	2.000000	-0.210547	0.322770
5.000000	3.000000	1.377351	0.657770
5.000000	4.000000	-0.469127	0.711701
5.000000	5.000000	-0.682572	1.022132
5.000000	6.000000	-0.114621	1.820646
5.000000	7.000000	-0.213877	1.180905
5.000000	8.000000	-0.209437	1.672375
5.000000	9.000000	0.778580	1.104727
5.000000	10.000000	0.027854	0.299226
5.000000	11.000000	1.945739	0.289179
5.000000	12.000000	-0.914954	0.803349
5.000000	13.000000	0.138623	-0.861476
5.000000	14.000000	-0.104000	0.350668
5.000000	15.000000	-1.406785	1.443276
5.000000	16.000000	1.776379	0.997547
5.000000	17.000000	-0.885848	1.215319
5.000000	18.000000	3.093499	-0.816042
5.000000	19.000000	2.540524	-0.415078
5.000000	20.000000	0.616348	1.259328
6.000000	1.000000	-1.746202	-2.982513
6.000000	2.000000	0.174014	-1.017993
6.000000	3.000000	-3.891457	-1.943740
6.000000	4.000000	0.755504	-2.779202
6.000000	5.000000	0.982976	-3.382863
6.000000	6.000000	0.336488	-4.581588
6.000000	7.000000	0.616983	-3.971980
6.000000	8.000000	0.369166	-4.798217
6.000000	9.000000	-2.236795	-3.319768
6.000000	10.000000	-0.835756	-1.203437
6.000000	11.000000	-5.635592	-0.455001
6.000000	12.000000	2.008385	-2.652459
6.000000	13.000000	-1.479427	2.348980
6.000000	14.000000	0.353515	-1.039259
6.000000	15.000000	3.994654	-3.693482
6.000000	16.000000	-4.250483	-2.696465
6.000000	17.000000	2.265721	-2.971570
6.000000	18.000000	-8.508482	1.459294
6.000000	19.000000	-7.575809	1.022556
6.000000	20.000000	-1.386136	-3.356188
7.000000	1.000000	2.713293	4.742126
7.000000	2.000000	-0.120447	1.613567
7.000000	3.000000	6.024640	3.039444
7.000000	4.000000	-0.967927	4.574655
7.000000	5.000000	-1.187158	5.412455
7.000000	6.000000	-0.525418	6.894053
7.000000	7.000000	-0.959694	6.374250
7.000000	8.000000	-0.492757	7.454376
7.000000	9.000000	3.476058	5.209846
7.000000	10.000000	1.561848	1.989848
7.000000	11.000000	8.773794	0.576284
7.000000	12.000000	-2.905221	4.241928
7.000000	13.000000	2.675414	-3.606550
7.000000	14.000000	-0.568425	1.626120
7.000000	15.000000	-6.191499	5.582144
7.000000	16.000000	6.308520	4.131435
7.000000	17.000000	-3.423809	4.436943
7.000000	18.000000	13.090595	-1.959701
7.000000	19.000000	11.869520	-1.529940
7.000000	20.000000	2.020239	5.124520
8.000000	1.000000	-3.414788	-6.037546
8.000000	2.000000	0.055089	-2.051194
8.000000	3.000000	-7.568089	-3.837625
8.000000	4.000000	1.085603	-5.922309
8.000000	5.000000	1.275134	-6.912238
8.000000	6.000000	0.662916	-8.531680
8.000000	7.000000	1.208464	-8.152564
8.000000	8.000000	0.568115	-9.380849
8.000000	9.000000	-4.375059	-6.589948
8.000000	10.000000	-2.135055	-2.581478
8.000000	11.000000	-11.053156	-0.641156
8.000000	12.000000	3.517674	-5.416167
8.000000	13.000000	-3.609512	4.511086
8.000000	14.000000	0.727694	-2.053806
8.000000	15.000000	7.782276	-6.924387
8.000000	16.000000	-7.749035	-5.161990
8.000000	17.000000	4.246751	-5.467997
8.000000	18.000000	-16.391310	2.268279
8.000000	19.000000	-15.001360	1.887563
8.000000	20.000000	-2.456587	-6.391229
9.000000	1.000000	3.782020	6.741970
9.000000	2.000000	0.015661	2.288036
9.000000	3.000000	8.370722	4.260153
9.000000	4.000000	-1.097012	6.690246
9.000000	5.000000	-1.238291	7.735404
9.000000	6.000000	-0.735523	9.334167
9.000000	7.000000	-1.338941	9.132848
9.000000	8.000000	-0.587861	10.389059
9.000000	9.000000	4.845800	7.324981
9.000000	10.000000	2.499268	2.920416
9.000000	11.000000	12.250558	0.643268
9.000000	12.000000	-3.785793	6.060235
9.000000	13.000000	4.190287	-4.974045
9.000000	14.000000	-0.815730	2.280450
9.000000	15.000000	-8.611270	7.588823
9.000000	16.000000	8.431021	5.687254
9.000000	17.000000	-4.653992	5.963805
9.000000	18.000000	18.087529	-2.354821
9.000000	19.000000	16.664763	-2.060418
9.000000	20.000000	2.652468	7.032319
10.000000	1.000000	-3.779041	-6.786443
10.000000	2.000000	-0.084877	-2.300909
10.000000	3.000000	-8.353969	-4.265667
10.000000	4.000000	1.001038	-6.803295
10.000000	5.000000	1.080235	-7.801374
10.000000	6.000000	0.736132	-9.222961
10.000000	7.000000	1.338352	-9.219146
10.000000	8.000000	0.550063	-10.380316
10.000000	9.000000	-4.842199	-7.342993
10.000000	10.000000	-2.618836	-2.973482
10.000000	11.000000	-12.248790	-0.582412
10.000000	12.000000	3.683332	-6.111084
10.000000	13.000000	-4.360887	4.950110
10.000000	14.000000	0.823918	-2.283868
10.000000	15.000000	8.597333	-7.510412
10.000000	16.000000	-8.287720	-5.655810
10.000000	17.000000	4.605667	-5.875834
10.000000	18.000000	-18.013215	2.210858
10.000000	19.000000	-16.696903	2.031585
10.000000	20.000000	-2.588706	-6.985038
11.000000	1.000000	3.406144	6.166611
11.000000	2.000000	0.145786	2.088554
11.000000	3.000000	7.519472	3.853628
11.000000	4.000000	-0.807075	6.250391
11.000000	5.000000	-0.816438	7.103691
11.000000	6.000000	-0.664683	8.208946
11.000000	7.000000	-1.206757	8.403009
11.000000	8.000000	-0.458421	9.355474
11.000000	9.000000	4.364611	6.642222
11.000000	10.000000	2.482053	2.735484
11.000000	11.000000	11.048025	0.464545
11.000000	12.000000	-3.220321	5.563738
11.000000	13.000000	4.104613	-4.441624
11.000000	14.000000	-0.751455	2.063725
11.000000	15.000000	-7.741829	6.696830
11.000000	16.000000	7.333158	5.070736
11.000000	17.000000	-4.106508	5.212696
11.000000	18.000000	16.175642	-1.850480
11.000000	19.000000	15.094633	-1.803886
11.000000	20.000000	2.271544	6.254012
12.000000	1.000000	-2.699829	-4.943148
12.000000	2.000000	-0.192424	-1.671755
12.000000	3.000000	-5.948916	-3.064370
12.000000	4.000000	0.534111	-5.085654
12.000000	5.000000	0.472722	-5.710650
12.000000	6.000000	0.528171	-6.391383
12.000000	7.000000	0.957036	-6.764327
12.000000	8.000000	0.321906	-7.414854
12.000000	9.000000	-3.459784	-5.291264
12.000000	10.000000	-2.102310	-2.229717
12.000000	11.000000	-8.765803	-0.301206
12.000000	12.000000	2.442082	-4.471774
12.000000	13.000000	-3.446551	3.498361
12.000000	14.000000	0.605434	-1.641570
12.000000	15.000000	6.128501	-5.227715
12.000000	16.000000	-5.660777	-3.989303
12.000000	17.000000	3.205375	-4.039303
12.000000	18.000000	-12.754684	1.308964
12.000000	19.000000	-12.014795	1.399610
12.000000	20.000000	-1.732027	-4.910800
13.000000	1.000000	1.729236	3.235816
13.000000	2.000000	0.220226	1.091314
13.000000	3.000000	3.796040	1.975149
13.000000	4.000000	-0.208863	3.423098
13.000000	5.000000	-0.082733	3.758610
13.000000	6.000000	-0.339957	3.948187
13.000000	7.000000	-0.613634	4.463506
13.000000	8.000000	-0.153881	4.748417
13.000000	9.000000	2.216289	3.422360
13.000000	10.000000	1.516778	1.505690
13.000000	11.000000	5.625522	0.108382
13.000000	12.000000	-1.424795	2.942082
13.000000	13.000000	2.451117	-2.212653
13.000000	14.000000	-0.400149	1.058727
13.000000	15.000000	-3.915273	3.246875
13.000000	16.000000	3.434279	2.517369
13.000000	17.000000	-1.990477	2.470515
13.000000	18.000000	8.085209	-0.639318
13.000000	19.000000	7.758866	-0.858331
13.000000	20.000000	1.022968	3.086884
14.000000	1.000000	-0.589374	-1.211739
14.000000	2.000000	-0.226471	-0.404048
14.000000	3.000000	-1.271580	-0.692587
14.000000	4.000000	-0.136829	-1.425466
14.000000	5.000000	-0.315354	-1.438652
14.000000	6.000000	0.118466	-1.118515
14.000000	7.000000	0.210164	-1.725766
14.000000	8.000000	-0.029208	-1.617171
14.000000	9.000000	-0.755849	-1.218451
14.000000	10.000000	-0.782774	-0.634276
14.000000	11.000000	-1.934577	0.095050
14.000000	12.000000	0.268039	-1.124398
14.000000	13.000000	-1.215750	0.710356
14.000000	14.000000	0.155694	-0.372249
14.000000	15.000000	1.318790	-0.948208
14.000000	16.000000	-0.871609	-0.799018
14.000000	17.000000	0.580738	-0.659895
14.000000	18.000000	-2.624297	-0.092909
14.000000	19.000000	-2.743445	0.233032
14.000000	20.000000	-0.213773	-0.960803
15.000000	1.000000	-0.608181	-0.930951
15.000000	2.000000	0.210547	-0.322770
15.000000	3.000000	-1.377351	-0.657770
15.000000	4.000000	0.469127	-0.711701
15.000000	5.000000	0.682572	-1.022132
15.000000	6.000000	0.114621	-1.820646
15.000000	7.000000	0.213877	-1.180905
15.000000	8.000000	0.209437	-1.672375
15.000000	9.000000	-0.778580	-1.104727
15.000000	10.000000	-0.027854	-0.299226
15.000000	11.000000	-1.945739	-0.289179
15.000000	12.000000	0.914954	-0.803349
15.000000	13.000000	-0.138623	0.861476
15.000000	14.000000	0.104000	-0.350668
15.000000	15.000000	1.406785	-1.443276
15.000000	16.000000	-1.776379	-0.997547
15.000000	17.000000	0.885848	-1.215319
15.000000	18.000000	-3.093499	0.816042
15.000000	19.000000	-2.540524	0.415078
15.000000	20.000000	-0.616348	-1.259328
16.000000	1.000000	1.746202	2.982513
16.000000	2.000000	-0.174014	1.017993
16.000000	3.000000	3.891457	1.943740
16.000000	4.000000	-0.755504	2.779202
16.000000	5.000000	-0.982976	3.382863
16.000000	6.000000	-0.336488	4.581588
16.000000	7.000000	-0.616983	3.971980
16.000000	8.000000	-0.369166	4.798217
16.000000	9.000000	2.236795	3.319768
16.000000	10.000000	0.835756	1.203437
16.000000	11.000000	5.635592	0.455001
16.000000	12.000000	-2.008385	2.652459
16.000000	13.000000	1.479427	-2.348980
16.000000	14.000000	-0.353515	1.039259
16.000000	15.000000	-3.994654	3.693482
16.000000	16.000000	4.250483	2.696465
16.000000	17.000000	-2.265721	2.971570
16.000000	18.000000	8.508482	-1.459294
16.000000	19.000000	7.575809	-1.022556
16.000000	20.000000	1.386136	3.356188
17.000000	1.000000	-2.713293	-4.742126
17.000000	2.000000	0.120447	-1.613567
17.000000	3.000000	-6.024640	-3.039444
17.000000	4.000000	0.967927	-4.574655
17.000000	5.000000	1.187158	-5.412455
17.000000	6.000000	0.525418	-6.894053
17.000000	7.000000	0.959694	-6.374250
17.000000	8.000000	0.492757	-7.454376
17.000000	9.000000	-3.476058	-5.209846
17.000000	10.000000	-1.561848	-1.989848
17.000000	11.000000	-8.773794	-0.576284
17.000000	12.000000	2.905221	-4.241928
17.000000	13.000000	-2.675414	3.606550
17.000000	14.000000	0.568425	-1.626120
17.000000	15.000000	6.191499	-5.582144
17.000000	16.000000	-6.308520	-4.131435
17.000000	17.000000	3.423809	-4.436943
17.000000	18.000000	-13.090595	1.959701
17.000000	19.000000	-11.869520	1.529940
17.000000	20.000000	-2.020239	-5.124520
18.000000	1.000000	3.414788	6.037546
18.000000	2.000000	-0.055089	2.051194
18.000000	3.000000	7.568089	3.837625
18.000000	4.000000	-1.085603	5.922309
18.000000	5.000000	-1.275134	6.912238
18.000000	6.000000	-0.662916	8.531680
18.000000	7.000000	-1.208464	8.152564
18.000000	8.000000	-0.568115	9.380849
18.000000	9.000000	4.375059	6.589948
18.000000	10.000000	2.135055	2.581478
18.000000	11.000000	11.053156	0.641156
18.000000	12.000000	-3.517674	5.416167
18.000000	13.000000	3.609512	-4.511086
18.000000	14.000000	-0.727694	2.053806
18.000000	15.000000	-7.782276	6.924387
18.000000	16.000000	7.749035	5.161990
18.000000	17.000000	-4.246751	5.467997
18.000000	18.000000	16.391310	-2.268279
18.000000	19.000000	15.001360	-1.887563
18.000000	20.000000	2.456587	6.391229
19.000000	1.000000	-3.782020	-6.741970
19.000000	2.000000	-0.015661	-2.288036
19.000000	3.000000	-8.370722	-4.260153
19.000000	4.000000	1.097012	-6.690246
19.000000	5.000000	1.238291	-7.735404
19.000000	6.000000	0.735523	-9.334167
19.000000	7.000000	1.338941	-9.132848
19.000000	8.000000	0.587861	-10.389059
19.000000	9.000000	-4.845800	-7.324981
19.000000	10.000000	-2.499268	-2.920416
19.000000	11.000000	-12.250558	-0.643268
19.000000	12.000000	3.785793	-6.060235
19.000000	13.000000	-4.190287	4.974045
19.000000	14.000000	0.815730	-2.280450
19.000000	15.000000	8.611270	-7.588823
19.000000	16.000000	-8.431021	-5.687254
19.000000	17.000000	4.653992	-5.963805
19.000000	18.000000	-18.087529	2.354821
19.000000	19.000000	-16.664763	2.060418
19.000000	20.000000	-2.652468	-7.032319
