0.000000	1.000000	6.891234	6.460739
0.000000	2.000000	10.079180	2.246885
0.000000	3.000000	18.183814	2.139590
0.000000	4.000000	-25.677786	-1.417705
0.000000	5.000000	27.437336	0.388197
0.000000	6.000000	15.084752	2.594098
0.000000	7.000000	13.282953	3.365451
0.000000	8.000000	29.034220	1.640451
0.000000	9.000000	17.957827	3.508688
0.000000	10.000000	-24.274468	-0.694959
0.000000	11.000000	-20.501393	0.274139
0.000000	12.000000	-27.350861	-0.160410
0.000000	13.000000	11.475532	2.714590
0.000000	14.000000	-17.460739	0.151393
0.000000	15.000000	-14.199874	-2.390451
0.000000	16.000000	-14.083485	-1.132295
0.000000	17.000000	-13.253773	-2.165451
0.000000	18.000000	-14.482953	-1.608156
0.000000	19.000000	4.614309	-3.889590
0.000000	20.000000	8.187055	-3.889919
1.000000	1.000000	2.729180	2.652535
1.000000	2.000000	3.646914	1.252661
1.000000	3.000000	6.195144	1.346759
1.000000	4.000000	-9.255255	-0.658359
1.000000	5.000000	10.505787	0.531434
1.000000	6.000000	5.887317	1.624013
1.000000	7.000000	5.122853	1.117783
1.000000	8.000000	10.955004	0.062539
1.000000	9.000000	5.687724	1.458234
1.000000	10.000000	-9.874479	-0.482827
1.000000	11.000000	-7.616574	-0.000861
1.000000	12.000000	-10.779394	0.056763
1.000000	13.000000	4.644534	0.707701
1.000000	14.000000	-6.938382	-0.253115
1.000000	15.000000	-5.481416	-1.533030
1.000000	16.000000	-5.189165	-0.953851
1.000000	17.000000	-4.741748	-1.396227
1.000000	18.000000	-4.621992	-0.658891
1.000000	19.000000	3.022417	-1.363806
1.000000	20.000000	4.796633	-1.216390
2.000000	1.000000	-8.577960	-8.100096
2.000000	2.000000	-12.333097	-3.021072
2.000000	3.000000	-22.012623	-2.971933
2.000000	4.000000	31.397849	1.824593
2.000000	5.000000	-33.930269	-0.716641
2.000000	6.000000	-18.723315	-3.597794
2.000000	7.000000	-16.449050	-4.056279
2.000000	8.000000	-35.804785	-1.679102
2.000000	9.000000	-21.473034	-4.409926
2.000000	10.000000	30.377232	0.993363
2.000000	11.000000	25.208695	-0.273607
2.000000	12.000000	34.012893	0.125329
2.000000	13.000000	-14.346012	-3.151973
2.000000	14.000000	21.748895	0.005041
2.000000	15.000000	17.587575	3.337916
2.000000	16.000000	17.290565	1.721807
2.000000	17.000000	16.184335	3.028367
2.000000	18.000000	17.339501	2.015373
2.000000	19.000000	-6.482265	4.732469
2.000000	20.000000	-11.151537	4.641689
3.000000	1.000000	2.572291	2.353599
3.000000	2.000000	3.975359	0.614464
3.000000	3.000000	7.409405	0.489996
3.000000	4.000000	-10.149682	-0.469302
3.000000	5.000000	10.464272	-0.088525
3.000000	6.000000	5.684328	0.599545
3.000000	7.000000	5.043219	1.389135
3.000000	8.000000	11.173570	0.975203
3.000000	9.000000	7.583341	1.267251
3.000000	10.000000	-8.899682	-0.131105
3.000000	11.000000	-7.963256	0.169959
3.000000	12.000000	-10.241730	-0.134220
3.000000	13.000000	4.221789	1.240325
3.000000	14.000000	-6.503175	0.250000
3.000000	15.000000	-5.388304	-0.529915
3.000000	16.000000	-5.496992	-0.110285
3.000000	17.000000	-5.260721	-0.475407
3.000000	18.000000	-6.094409	-0.586678
3.000000	19.000000	0.983843	-1.561020
3.000000	20.000000	2.095396	-1.652332
4.000000	1.000000	6.988197	6.645492
4.000000	2.000000	9.876190	2.641312
4.000000	3.000000	17.433359	2.669098
4.000000	4.000000	-25.125000	-1.534549
4.000000	5.000000	27.462993	0.771353
4.000000	6.000000	15.210207	3.227254
4.000000	7.000000	13.332169	3.197746
4.000000	8.000000	28.899139	1.076393
4.000000	9.000000	16.786271	3.626722
4.000000	10.000000	-24.876925	-0.912336
4.000000	11.000000	-20.287132	0.168566
4.000000	12.000000	-27.683156	-0.042376
4.000000	13.000000	11.736803	2.385410
4.000000	14.000000	-17.729712	-0.159549
4.000000	15.000000	-14.257421	-3.010410
4.000000	16.000000	-13.893237	-1.653647
4.000000	17.000000	-12.933030	-2.734549
4.000000	18.000000	-13.572949	-1.652786
4.000000	19.000000	5.874217	-3.767705
4.000000	20.000000	9.856511	-3.620492
5.000000	1.000000	-6.891234	-6.460739
5.000000	2.000000	-10.079180	-2.246885
5.000000	3.000000	-18.183814	-2.139590
5.000000	4.000000	25.677786	1.417705
5.000000	5.000000	-27.437336	-0.388197
5.000000	6.000000	-15.084752	-2.594098
5.000000	7.000000	-13.282953	-3.365451
5.000000	8.000000	-29.034220	-1.640451
5.000000	9.000000	-17.957827	-3.508688
5.000000	10.000000	24.274468	0.694959
5.000000	11.000000	20.501393	-0.274139
5.000000	12.000000	27.350861	0.160410
5.000000	13.000000	-11.475532	-2.714590
5.000000	14.000000	17.460739	-0.151393
5.000000	15.000000	14.199874	2.390451
5.000000	16.000000	14.083485	1.132295
5.000000	17.000000	13.253773	2.165451
5.000000	18.000000	14.482953	1.608156
5.000000	19.000000	-4.614309	3.889590
5.000000	20.000000	-8.187055	3.889919
6.000000	1.000000	-2.729180	-2.652535
6.000000	2.000000	-3.646914	-1.252661
6.000000	3.000000	-6.195144	-1.346759
6.000000	4.000000	9.255255	0.658359
6.000000	5.000000	-10.505787	-0.531434
6.000000	6.000000	-5.887317	-1.624013
6.000000	7.000000	-5.122853	-1.117783
6.000000	8.000000	-10.955004	-0.062539
6.000000	9.000000	-5.687724	-1.458234
6.000000	10.000000	9.874479	0.482827
6.000000	11.000000	7.616574	0.000861
6.000000	12.000000	10.779394	-0.056763
6.000000	13.000000	-4.644534	-0.707701
6.000000	14.000000	6.938382	0.253115
6.000000	15.000000	5.481416	1.533030
6.000000	16.000000	5.189165	0.953851
6.000000	17.000000	4.741748	1.396227
6.000000	18.000000	4.621992	0.658891
6.000000	19.000000	-3.022417	1.363806
6.000000	20.000000	-4.796633	1.216390
7.000000	1.000000	8.577960	8.100096
7.000000	2.000000	12.333097	3.021072
7.000000	3.000000	22.012623	2.971933
7.000000	4.000000	-31.397849	-1.824593
7.000000	5.000000	33.930269	0.716641
7.000000	6.000000	18.723315	3.597794
7.000000	7.000000	16.449050	4.056279
7.000000	8.000000	35.804785	1.679102
7.000000	9.000000	21.473034	4.409926
7.000000	10.000000	-30.377232	-0.993363
7.000000	11.000000	-25.208695	0.273607
7.000000	12.000000	-34.012893	-0.125329
7.000000	13.000000	14.346012	3.151973
7.000000	14.000000	-21.748895	-0.005041
7.000000	15.000000	-17.587575	-3.337916
7.000000	16.000000	-17.290565	-1.721807
7.000000	17.000000	-16.184335	-3.028367
7.000000	18.000000	-17.339501	-2.015373
7.000000	19.000000	6.482265	-4.732469
7.000000	20.000000	11.151537	-4.641689
8.000000	1.000000	-2.572291	-2.353599
8.000000	2.000000	-3.975359	-0.614464
8.000000	3.000000	-7.409405	-0.489996
8.000000	4.000000	10.149682	0.469302
8.000000	5.000000	-10.464272	0.088525
8.000000	6.000000	-5.684328	-0.599545
8.000000	7.000000	-5.043219	-1.389135
8.000000	8.000000	-11.173570	-0.975203
8.000000	9.000000	-7.583341	-1.267251
8.000000	10.000000	8.899682	0.131105
8.000000	11.000000	7.963256	-0.169959
8.000000	12.000000	10.241730	0.134220
8.000000	13.000000	-4.221789	-1.240325
8.000000	14.000000	6.503175	-0.250000
8.000000	15.000000	5.388304	0.529915
8.000000	16.000000	5.496992	0.110285
8.000000	17.000000	5.260721	0.475407
8.000000	18.000000	6.094409	0.586678
8.000000	19.000000	-0.983843	1.561020
8.000000	20.000000	-2.095396	1.652332
9.000000	1.000000	-6.988197	-6.645492
9.000000	2.000000	-9.876190	-2.641312
9.000000	3.000000	-17.433359	-2.669098
9.000000	4.000000	25.125000	1.534549
9.000000	5.000000	-27.462993	-0.771353
9.000000	6.000000	-15.210207	-3.227254
9.000000	7.000000	-13.332169	-3.197746
9.000000	8.000000	-28.899139	-1.076393
9.000000	9.000000	-16.786271	-3.626722
9.000000	10.000000	24.876925	0.912336
9.000000	11.000000	20.287132	-0.168566
9.000000	12.000000	27.683156	0.042376
9.000000	13.000000	-11.736803	-2.385410
9.000000	14.000000	17.729712	0.159549
9.000000	15.000000	14.257421	3.010410
9.000000	16.000000	13.893237	1.653647
9.000000	17.000000	12.933030	2.734549
9.000000	18.000000	13.572949	1.652786
9.000000	19.000000	-5.874217	3.767705
9.000000	20.000000	-9.856511	3.620492
10.000000	1.000000	6.891234	6.460739
10.000000	2.000000	10.079180	2.246885
10.000000	3.000000	18.183814	2.139590
10.000000	4.000000	-25.677786	-1.417705
10.000000	5.000000	27.437336	0.388197
10.000000	6.000000	15.084752	2.594098
10.000000	7.000000	13.282953	3.365451
10.000000	8.000000	29.034220	1.640451
10.000000	9.000000	17.957827	3.508688
10.000000	10.000000	-24.274468	-0.694959
10.000000	11.000000	-20.501393	0.274139
10.000000	12.000000	-27.350861	-0.160410
10.000000	13.000000	11.475532	2.714590
10.000000	14.000000	-17.460739	0.151393
10.000000	15.000000	-14.199874	-2.390451
10.000000	16.000000	-14.083485	-1.132295
10.000000	17.000000	-13.253773	-2.165451
10.000000	18.000000	-14.482953	-1.608156
10.000000	19.000000	4.614309	-3.889590
10.000000	20.000000	8.187055	-3.889919
11.000000	1.000000	2.729180	2.652535
11.000000	2.000000	3.646914	1.252661
11.000000	3.000000	6.195144	1.346759
11.000000	4.000000	-9.255255	-0.658359
11.000000	5.000000	10.505787	0.531434
11.000000	6.000000	5.887317	1.624013
11.000000	7.000000	5.122853	1.117783
11.000000	8.000000	10.955004	0.062539
11.000000	9.000000	5.687724	1.458234
11.000000	10.000000	-9.874479	-0.482827
11.000000	11.000000	-7.616574	-0.000861
11.000000	12.000000	-10.779394	0.056763
11.000000	13.000000	4.644534	0.707701
11.000000	14.000000	-6.938382	-0.253115
11.000000	15.000000	-5.481416	-1.533030
11.000000	16.000000	-5.189165	-0.953851
11.000000	17.000000	-4.741748	-1.396227
11.000000	18.000000	-4.621992	-0.658891
11.000000	19.000000	3.022417	-1.363806
11.000000	20.000000	4.796633	-1.216390
12.000000	1.000000	-8.577960	-8.100096
12.000000	2.000000	-12.333097	-3.021072
12.000000	3.000000	-22.012623	-2.971933
12.000000	4.000000	31.397849	1.824593
12.000000	5.000000	-33.930269	-0.716641
12.000000	6.000000	-18.723315	-3.597794
12.000000	7.000000	-16.449050	-4.056279
12.000000	8.000000	-35.804785	-1.679102
12.000000	9.000000	-21.473034	-4.409926
12.000000	10.000000	30.377232	0.993363
12.000000	11.000000	25.208695	-0.273607
12.000000	12.000000	34.012893	0.125329
12.000000	13.000000	-14.346012	-3.151973
12.000000	14.000000	21.748895	0.005041
12.000000	15.000000	17.587575	3.337916
12.000000	16.000000	17.290565	1.721807
12.000000	17.000000	16.184335	3.028367
12.000000	18.000000	17.339501	2.015373
12.000000	19.000000	-6.482265	4.732469
12.000000	20.000000	-11.151537	4.641689
13.000000	1.000000	2.572291	2.353599
13.000000	2.000000	3.975359	0.614464
13.000000	3.000000	7.409405	0.489996
13.000000	4.000000	-10.149682	-0.469302
13.000000	5.000000	10.464272	-0.088525
13.000000	6.000000	5.684328	0.599545
13.000000	7.000000	5.043219	1.389135
13.000000	8.000000	11.173570	0.975203
13.000000	9.000000	7.583341	1.267251
13.000000	10.000000	-8.899682	-0.131105
13.000000	11.000000	-7.963256	0.169959
13.000000	12.000000	-10.241730	-0.134220
13.000000	13.000000	4.221789	1.240325
13.000000	14.000000	-6.503175	0.250000
13.000000	15.000000	-5.388304	-0.529915
13.000000	16.000000	-5.496992	-0.110285
13.000000	17.000000	-5.260721	-0.475407
13.000000	18.000000	-6.094409	-0.586678
13.000000	19.000000	0.983843	-1.561020
13.000000	20.000000	2.095396	-1.652332
14.000000	1.000000	6.988197	6.645492
14.000000	2.000000	9.876190	2.641312
14.000000	3.000000	17.433359	2.669098
14.000000	4.000000	-25.125000	-1.534549
14.000000	5.000000	27.462993	0.771353
14.000000	6.000000	15.210207	3.227254
14.000000	7.000000	13.332169	3.197746
14.000000	8.000000	28.899139	1.076393
14.000000	9.000000	16.786271	3.626722
14.000000	10.000000	-24.876925	-0.912336
14.000000	11.000000	-20.287132	0.168566
14.000000	12.000000	-27.683156	-0.042376
14.000000	13.000000	11.736803	2.385410
14.000000	14.000000	-17.729712	-0.159549
14.000000	15.000000	-14.257421	-3.010410
14.000000	16.000000	-13.893237	-1.653647
14.000000	17.000000	-12.933030	-2.734549
14.000000	18.000000	-13.572949	-1.652786
14.000000	19.000000	5.874217	-3.767705
14.000000	20.000000	9.856511	-3.620492
15.000000	1.000000	-6.891234	-6.460739
15.000000	2.000000	-10.079180	-2.246885
15.000000	3.000000	-18.183814	-2.139590
15.000000	4.000000	25.677786	1.417705
15.000000	5.000000	-27.437336	-0.388197
15.000000	6.000000	-15.084752	-2.594098
15.000000	7.000000	-13.282953	-3.365451
15.000000	8.000000	-29.034220	-1.640451
15.000000	9.000000	-17.957827	-3.508688
15.000000	10.000000	24.274468	0.694959
15.000000	11.000000	20.501393	-0.274139
15.000000	12.000000	27.350861	0.160410
15.000000	13.000000	-11.475532	-2.714590
15.000000	14.000000	17.460739	-0.151393
15.000000	15.000000	14.199874	2.390451
15.000000	16.000000	14.083485	1.132295
15.000000	17.000000	13.253773	2.165451
15.000000	18.000000	14.482953	1.608156
15.000000	19.000000	-4.614309	3.889590
15.000000	20.000000	-8.187055	3.889919
16.000000	1.000000	-2.729180	-2.652535
16.000000	2.000000	-3.646914	-1.252661
16.000000	3.000000	-6.195144	-1.346759
16.000000	4.000000	9.255255	0.658359
16.000000	5.000000	-10.505787	-0.531434
16.000000	6.000000	-5.887317	-1.624013
16.000000	7.000000	-5.122853	-1.117783
16.000000	8.000000	-10.955004	-0.062539
16.000000	9.000000	-5.687724	-1.458234
16.000000	10.000000	9.874479	0.482827
16.000000	11.000000	7.616574	0.000861
16.000000	12.000000	10.779394	-0.056763
16.000000	13.000000	-4.644534	-0.707701
16.000000	14.000000	6.938382	0.253115
16.000000	15.000000	5.481416	1.533030
16.000000	16.000000	5.189165	0.953851
16.000000	17.000000	4.741748	1.396227
16.000000	18.000000	4.621992	0.658891
16.000000	19.000000	-3.022417	1.363806
16.000000	20.000000	-4.796633	1.216390
17.000000	1.000000	8.577960	8.100096
17.000000	2.000000	12.333097	3.021072
17.000000	3.000000	22.012623	2.971933
17.000000	4.000000	-31.397849	-1.824593
17.000000	5.000000	33.930269	0.716641
17.000000	6.000000	18.723315	3.597794
17.000000	7.000000	16.449050	4.056279
17.000000	8.000000	35.804785	1.679102
17.000000	9.000000	21.473034	4.409926
17.000000	10.000000	-30.377232	-0.993363
17.000000	11.000000	-25.208695	0.273607
17.000000	12.000000	-34.012893	-0.125329
17.000000	13.000000	14.346012	3.151973
17.000000	14.000000	-21.748895	-0.005041
17.000000	15.000000	-17.587575	-3.337916
17.000000	16.000000	-17.290565	-1.721807
17.000000	17.000000	-16.184335	-3.028367
17.000000	18.000000	-17.339501	-2.015373
17.000000	19.000000	6.482265	-4.732469
17.000000	20.000000	11.151537	-4.641689
18.000000	1.000000	-2.572291	-2.353599
18.000000	2.000000	-3.975359	-0.614464
18.000000	3.000000	-7.409405	-0.489996
18.000000	4.000000	10.149682	0.469302
18.000000	5.000000	-10.464272	0.088525
18.000000	6.000000	-5.684328	-0.599545
18.000000	7.000000	-5.043219	-1.389135
18.000000	8.000000	-11.173570	-0.975203
18.000000	9.000000	-7.583341	-1.267251
18.000000	10.000000	8.899682	0.131105
18.000000	11.000000	7.963256	-0.169959
18.000000	12.000000	10.241730	0.134220
18.000000	13.000000	-4.221789	-1.240325
18.000000	14.000000	6.503175	-0.250000
18.000000	15.000000	5.388304	0.529915
18.000000	16.000000	5.496992	0.110285
18.000000	17.000000	5.260721	0.475407
18.000000	18.000000	6.094409	0.586678
18.000000	19.000000	-0.983843	1.561020
18.000000	20.000000	-2.095396	1.652332
19.000000	1.000000	-6.988197	-6.645492
19.000000	2.000000	-9.876190	-2.641312
19.000000	3.000000	-17.433359	-2.669098
19.000000	4.000000	25.125000	1.534549
19.000000	5.000000	-27.462993	-0.771353
19.000000	6.000000	-15.210207	-3.227254
19.000000	7.000000	-13.332169	-3.197746
19.000000	8.000000	-28.899139	-1.076393
19.000000	9.000000	-16.786271	-3.626722
19.000000	10.000000	24.876925	0.912336
19.000000	11.000000	20.287132	-0.168566
19.000000	12.000000	27.683156	0.042376
19.000000	13.000000	-11.736803	-2.385410
19.000000	14.000000	17.729712	0.159549
19.000000	15.000000	14.257421	3.010410
19.000000	16.000000	13.893237	1.653647
19.000000	17.000000	12.933030	2.734549
19.000000	18.000000	13.572949	1.652786
19.000000	19.000000	-5.874217	3.767705
19.000000	20.000000	-9.856511	3.620492
