0.000000	1.000000	-26.588527	-1.390344
0.000000	2.000000	30.397084	-0.488560
0.000000	3.000000	14.730055	3.135712
0.000000	4.000000	5.883846	2.802917
0.000000	5.000000	8.067996	2.174907
0.000000	6.000000	6.443522	6.383099
0.000000	7.000000	8.951376	2.364233
0.000000	8.000000	17.180035	2.204833
0.000000	9.000000	-24.706127	-1.417851
0.000000	10.000000	26.474731	0.629256
0.000000	11.000000	15.764228	2.471093
0.000000	12.000000	15.244434	3.264824
0.000000	13.000000	16.575674	2.906501
0.000000	14.000000	-20.221865	0.044283
0.000000	15.000000	-28.421498	-0.308705
0.000000	16.000000	11.021612	2.291250
0.000000	17.000000	-13.913267	-3.053632
0.000000	18.000000	-14.375543	-1.583801
0.000000	19.000000	9.265114	-3.509885
0.000000	20.000000	13.235457	-3.481931
1.000000	1.000000	4.816222	0.474034
1.000000	2.000000	-5.217388	-0.053332
1.000000	3.000000	-3.491119	-1.141801
1.000000	4.000000	-0.928162	-0.375772
1.000000	5.000000	-1.513571	-0.271655
1.000000	6.000000	-1.347261	-0.840687
1.000000	7.000000	-1.330943	-0.174668
1.000000	8.000000	-3.370141	0.359134
1.000000	9.000000	3.772593	0.108852
1.000000	10.000000	-5.674606	-0.368429
1.000000	11.000000	-3.120188	0.044649
1.000000	12.000000	-3.960829	-0.799741
1.000000	13.000000	-4.135377	0.148588
1.000000	14.000000	3.202154	-0.111025
1.000000	15.000000	5.662487	-0.518664
1.000000	16.000000	-1.698855	-0.577453
1.000000	17.000000	1.559312	0.609305
1.000000	18.000000	2.787883	0.395882
1.000000	19.000000	-0.997530	0.429626
1.000000	20.000000	-2.826781	0.579193
2.000000	1.000000	20.926719	0.833084
2.000000	2.000000	-24.263676	0.551256
2.000000	3.000000	-10.625998	-1.793445
2.000000	4.000000	-4.792726	-2.361171
2.000000	5.000000	-6.288687	-1.855557
2.000000	6.000000	-4.859722	-5.394812
2.000000	7.000000	-7.386759	-2.158899
2.000000	8.000000	-13.218197	-2.627020
2.000000	9.000000	20.271178	1.289888
2.000000	10.000000	-19.803831	-0.196142
2.000000	11.000000	-12.096226	-2.523581
2.000000	12.000000	-10.588200	-2.324672
2.000000	13.000000	-11.714246	-3.081177
2.000000	14.000000	16.457506	0.086234
2.000000	15.000000	21.764845	0.918432
2.000000	16.000000	-9.024488	-1.612414
2.000000	17.000000	12.080186	2.337351
2.000000	18.000000	11.098189	1.118414
2.000000	19.000000	-8.092447	3.004829
2.000000	20.000000	-9.912377	2.801049
3.000000	1.000000	-29.417055	-1.453383
3.000000	2.000000	33.741050	-0.594708
3.000000	3.000000	15.982729	3.250122
3.000000	4.000000	6.562350	3.151494
3.000000	5.000000	8.906366	2.452993
3.000000	6.000000	7.060207	7.182669
3.000000	7.000000	10.014599	2.712605
3.000000	8.000000	18.909063	2.729113
3.000000	9.000000	-27.602792	-1.625207
3.000000	10.000000	28.955406	0.599008
3.000000	11.000000	17.340155	2.921998
3.000000	12.000000	16.408005	3.532557
3.000000	13.000000	17.906299	3.473553
3.000000	14.000000	-22.549113	0.009651
3.000000	15.000000	-31.248597	-0.561017
3.000000	16.000000	12.307777	2.472959
3.000000	17.000000	-15.760422	-3.357026
3.000000	18.000000	-15.834587	-1.710657
3.000000	19.000000	10.510772	-3.962015
3.000000	20.000000	14.479479	-3.872024
4.000000	1.000000	13.655103	0.875470
4.000000	2.000000	-15.401307	0.147866
4.000000	3.000000	-8.162827	-2.027302
4.000000	4.000000	-2.921778	-1.343633
4.000000	5.000000	-4.181374	-1.028110
4.000000	6.000000	-3.440049	-3.048921
4.000000	7.000000	-4.386108	-1.029960
4.000000	8.000000	-9.010740	-0.581245
4.000000	9.000000	12.177850	0.620657
4.000000	10.000000	-14.235290	-0.508034
4.000000	11.000000	-8.288349	-0.911434
4.000000	12.000000	-8.700566	-1.828097
4.000000	13.000000	-9.335871	-1.002229
4.000000	14.000000	10.050566	-0.097579
4.000000	15.000000	14.970084	-0.258917
4.000000	16.000000	-5.444172	-1.294724
4.000000	17.000000	6.447301	1.609070
4.000000	18.000000	7.516484	0.892584
4.000000	19.000000	-4.263707	1.652799
4.000000	20.000000	-7.109272	1.750788
5.000000	1.000000	13.364518	0.424206
5.000000	2.000000	-15.635728	0.420882
5.000000	3.000000	-6.386751	-0.866885
5.000000	4.000000	-3.127593	-1.571959
5.000000	5.000000	-3.990866	-1.244378
5.000000	6.000000	-3.016186	-3.598447
5.000000	7.000000	-4.858420	-1.501815
5.000000	8.000000	-8.316303	-2.045818
5.000000	9.000000	13.286871	0.895581
5.000000	10.000000	-12.220819	-0.001778
5.000000	11.000000	-7.596617	-1.850544
5.000000	12.000000	-6.179876	-1.383500
5.000000	13.000000	-6.931324	-2.295361
5.000000	14.000000	10.733964	0.105060
5.000000	15.000000	13.650208	0.865392
5.000000	16.000000	-5.907770	-0.950920
5.000000	17.000000	8.181165	1.465451
5.000000	18.000000	6.998430	0.661362
5.000000	19.000000	-5.498484	2.019033
5.000000	20.000000	-6.122029	1.813849
6.000000	1.000000	-29.366037	-1.374154
6.000000	2.000000	33.782208	-0.642642
6.000000	3.000000	15.670903	3.046387
6.000000	4.000000	6.598485	3.191582
6.000000	5.000000	8.872918	2.490963
6.000000	6.000000	6.985789	7.279149
6.000000	7.000000	10.097523	2.795449
6.000000	8.000000	18.787141	2.986249
6.000000	9.000000	-27.797504	-1.673475
6.000000	10.000000	28.601725	0.510124
6.000000	11.000000	17.218707	3.086878
6.000000	12.000000	15.965446	3.454498
6.000000	13.000000	17.484132	3.700589
6.000000	14.000000	-22.669098	-0.025927
6.000000	15.000000	-31.016866	-0.758412
6.000000	16.000000	12.389171	2.412597
6.000000	17.000000	-16.064837	-3.331810
6.000000	18.000000	-15.743632	-1.670061
6.000000	19.000000	10.727563	-4.026315
6.000000	20.000000	14.306148	-3.883095
7.000000	1.000000	21.157329	1.191209
7.000000	2.000000	-24.077639	0.334589
7.000000	3.000000	-12.035500	-2.714358
7.000000	4.000000	-4.629391	-2.179970
7.000000	5.000000	-6.439875	-1.683925
7.000000	6.000000	-5.196101	-4.958706
7.000000	7.000000	-7.011930	-1.784433
7.000000	8.000000	-13.769305	-1.464728
7.000000	9.000000	19.391055	1.071707
7.000000	10.000000	-21.402525	-0.597909
7.000000	11.000000	-12.645188	-1.778300
7.000000	12.000000	-12.588631	-2.677507
7.000000	13.000000	-13.622505	-2.054941
7.000000	14.000000	15.915159	-0.074581
7.000000	15.000000	22.812305	0.026175
7.000000	16.000000	-8.656575	-1.885258
7.000000	17.000000	10.704184	2.451327
7.000000	18.000000	11.509320	1.301913
7.000000	19.000000	-7.112522	2.714183
7.000000	20.000000	-10.695857	2.751003
8.000000	1.000000	4.494105	-0.026196
8.000000	2.000000	-5.477245	0.249309
8.000000	3.000000	-1.522324	0.144532
8.000000	4.000000	-1.156309	-0.628873
8.000000	5.000000	-1.302391	-0.511390
8.000000	6.000000	-0.877406	-1.449840
8.000000	7.000000	-1.854504	-0.697723
8.000000	8.000000	-2.600351	-1.264358
8.000000	9.000000	5.001952	0.413608
8.000000	10.000000	-3.441548	0.192760
8.000000	11.000000	-2.353398	-0.996362
8.000000	12.000000	-1.166622	-0.306900
8.000000	13.000000	-1.469916	-1.284860
8.000000	14.000000	3.959707	0.113602
8.000000	15.000000	4.199393	0.727641
8.000000	16.000000	-2.212757	-0.196343
8.000000	17.000000	3.481314	0.450102
8.000000	18.000000	2.213616	0.139571
8.000000	19.000000	-2.366291	0.835601
8.000000	20.000000	-1.732414	0.649097
9.000000	1.000000	-26.440466	-1.160414
9.000000	2.000000	30.516527	-0.627669
9.000000	3.000000	13.825099	2.544450
9.000000	4.000000	5.988714	2.919255
9.000000	5.000000	7.970927	2.285101
9.000000	6.000000	6.227553	6.663096
9.000000	7.000000	9.192031	2.604655
9.000000	8.000000	16.826202	2.951070
9.000000	9.000000	-25.271202	-1.557932
9.000000	10.000000	25.448307	0.371306
9.000000	11.000000	15.411773	2.949593
9.000000	12.000000	13.960078	3.038290
9.000000	13.000000	15.350496	3.565385
9.000000	14.000000	-20.570073	-0.058966
9.000000	15.000000	-27.748988	-0.881569
9.000000	16.000000	11.257827	2.116073
9.000000	17.000000	-14.796714	-2.980454
9.000000	18.000000	-14.111581	-1.465988
9.000000	19.000000	9.894264	-3.696491
9.000000	20.000000	12.732432	-3.514063
10.000000	1.000000	26.588527	1.390344
10.000000	2.000000	-30.397084	0.488560
10.000000	3.000000	-14.730055	-3.135712
10.000000	4.000000	-5.883846	-2.802917
10.000000	5.000000	-8.067996	-2.174907
10.000000	6.000000	-6.443522	-6.383099
10.000000	7.000000	-8.951376	-2.364233
10.000000	8.000000	-17.180035	-2.204833
10.000000	9.000000	24.706127	1.417851
10.000000	10.000000	-26.474731	-0.629256
10.000000	11.000000	-15.764228	-2.471093
10.000000	12.000000	-15.244434	-3.264824
10.000000	13.000000	-16.575674	-2.906501
10.000000	14.000000	20.221865	-0.044283
10.000000	15.000000	28.421498	0.308705
10.000000	16.000000	-11.021612	-2.291250
10.000000	17.000000	13.913267	3.053632
10.000000	18.000000	14.375543	1.583801
10.000000	19.000000	-9.265114	3.509885
10.000000	20.000000	-13.235457	3.481931
11.000000	1.000000	-4.816222	-0.474034
11.000000	2.000000	5.217388	0.053332
11.000000	3.000000	3.491119	1.141801
11.000000	4.000000	0.928162	0.375772
11.000000	5.000000	1.513571	0.271655
11.000000	6.000000	1.347261	0.840687
11.000000	7.000000	1.330943	0.174668
11.000000	8.000000	3.370141	-0.359134
11.000000	9.000000	-3.772593	-0.108852
11.000000	10.000000	5.674606	0.368429
11.000000	11.000000	3.120188	-0.044649
11.000000	12.000000	3.960829	0.799741
11.000000	13.000000	4.135377	-0.148588
11.000000	14.000000	-3.202154	0.111025
11.000000	15.000000	-5.662487	0.518664
11.000000	16.000000	1.698855	0.577453
11.000000	17.000000	-1.559312	-0.609305
11.000000	18.000000	-2.787883	-0.395882
11.000000	19.000000	0.997530	-0.429626
11.000000	20.000000	2.826781	-0.579193
12.000000	1.000000	-20.926719	-0.833084
12.000000	2.000000	24.263676	-0.551256
12.000000	3.000000	10.625998	1.793445
12.000000	4.000000	4.792726	2.361171
12.000000	5.000000	6.288687	1.855557
12.000000	6.000000	4.859722	5.394812
12.000000	7.000000	7.386759	2.158899
12.000000	8.000000	13.218197	2.627020
12.000000	9.000000	-20.271178	-1.289888
12.000000	10.000000	19.803831	0.196142
12.000000	11.000000	12.096226	2.523581
12.000000	12.000000	10.588200	2.324672
12.000000	13.000000	11.714246	3.081177
12.000000	14.000000	-16.457506	-0.086234
12.000000	15.000000	-21.764845	-0.918432
12.000000	16.000000	9.024488	1.612414
12.000000	17.000000	-12.080186	-2.337351
12.000000	18.000000	-11.098189	-1.118414
12.000000	19.000000	8.092447	-3.004829
12.000000	20.000000	9.912377	-2.801049
13.000000	1.000000	29.417055	1.453383
13.000000	2.000000	-33.741050	0.594708
13.000000	3.000000	-15.982729	-3.250122
13.000000	4.000000	-6.562350	-3.151494
13.000000	5.000000	-8.906366	-2.452993
13.000000	6.000000	-7.060207	-7.182669
13.000000	7.000000	-10.014599	-2.712605
13.000000	8.000000	-18.909063	-2.729113
13.000000	9.000000	27.602792	1.625207
13.000000	10.000000	-28.955406	-0.599008
13.000000	11.000000	-17.340155	-2.921998
13.000000	12.000000	-16.408005	-3.532557
13.000000	13.000000	-17.906299	-3.473553
13.000000	14.000000	22.549113	-0.009651
13.000000	15.000000	31.248597	0.561017
13.000000	16.000000	-12.307777	-2.472959
13.000000	17.000000	15.760422	3.357026
13.000000	18.000000	15.834587	1.710657
13.000000	19.000000	-10.510772	3.962015
13.000000	20.000000	-14.479479	3.872024
14.000000	1.000000	-13.655103	-0.875470
14.000000	2.000000	15.401307	-0.147866
14.000000	3.000000	8.162827	2.027302
14.000000	4.000000	2.921778	1.343633
14.000000	5.000000	4.181374	1.028110
14.000000	6.000000	3.440049	3.048921
14.000000	7.000000	4.386108	1.029960
14.000000	8.000000	9.010740	0.581245
14.000000	9.000000	-12.177850	-0.620657
14.000000	10.000000	14.235290	0.508034
14.000000	11.000000	8.288349	0.911434
14.000000	12.000000	8.700566	1.828097
14.000000	13.000000	9.335871	1.002229
14.000000	14.000000	-10.050566	0.097579
14.000000	15.000000	-14.970084	0.258917
14.000000	16.000000	5.444172	1.294724
14.000000	17.000000	-6.447301	-1.609070
14.000000	18.000000	-7.516484	-0.892584
14.000000	19.000000	4.263707	-1.652799
14.000000	20.000000	7.109272	-1.750788
15.000000	1.000000	-13.364518	-0.424206
15.000000	2.000000	15.635728	-0.420882
15.000000	3.000000	6.386751	0.866885
15.000000	4.000000	3.127593	1.571959
15.000000	5.000000	3.990866	1.244378
15.000000	6.000000	3.016186	3.598447
15.000000	7.000000	4.858420	1.501815
15.000000	8.000000	8.316303	2.045818
15.000000	9.000000	-13.286871	-0.895581
15.000000	10.000000	12.220819	0.001778
15.000000	11.000000	7.596617	1.850544
15.000000	12.000000	6.179876	1.383500
15.000000	13.000000	6.931324	2.295361
15.000000	14.000000	-10.733964	-0.105060
15.000000	15.000000	-13.650208	-0.865392
15.000000	16.000000	5.907770	0.950920
15.000000	17.000000	-8.181165	-1.465451
15.000000	18.000000	-6.998430	-0.661362
15.000000	19.000000	5.498484	-2.019033
15.000000	20.000000	6.122029	-1.813849
16.000000	1.000000	29.366037	1.374154
16.000000	2.000000	-33.782208	0.642642
16.000000	3.000000	-15.670903	-3.046387
16.000000	4.000000	-6.598485	-3.191582
16.000000	5.000000	-8.872918	-2.490963
16.000000	6.000000	-6.985789	-7.279149
16.000000	7.000000	-10.097523	-2.795449
16.000000	8.000000	-18.787141	-2.986249
16.000000	9.000000	27.797504	1.673475
16.000000	10.000000	-28.601725	-0.510124
16.000000	11.000000	-17.218707	-3.086878
16.000000	12.000000	-15.965446	-3.454498
16.000000	13.000000	-17.484132	-3.700589
16.000000	14.000000	22.669098	0.025927
16.000000	15.000000	31.016866	0.758412
16.000000	16.000000	-12.389171	-2.412597
16.000000	17.000000	16.064837	3.331810
16.000000	18.000000	15.743632	1.670061
16.000000	19.000000	-10.727563	4.026315
16.000000	20.000000	-14.306148	3.883095
17.000000	1.000000	-21.157329	-1.191209
17.000000	2.000000	24.077639	-0.334589
17.000000	3.000000	12.035500	2.714358
17.000000	4.000000	4.629391	2.179970
17.000000	5.000000	6.439875	1.683925
17.000000	6.000000	5.196101	4.958706
17.000000	7.000000	7.011930	1.784433
17.000000	8.000000	13.769305	1.464728
17.000000	9.000000	-19.391055	-1.071707
17.000000	10.000000	21.402525	0.597909
17.000000	11.000000	12.645188	1.778300
17.000000	12.000000	12.588631	2.677507
17.000000	13.000000	13.622505	2.054941
17.000000	14.000000	-15.915159	0.074581
17.000000	15.000000	-22.812305	-0.026175
17.000000	16.000000	8.656575	1.885258
17.000000	17.000000	-10.704184	-2.451327
17.000000	18.000000	-11.509320	-1.301913
17.000000	19.000000	7.112522	-2.714183
17.000000	20.000000	10.695857	-2.751003
18.000000	1.000000	-4.494105	0.026196
18.000000	2.000000	5.477245	-0.249309
18.000000	3.000000	1.522324	-0.144532
18.000000	4.000000	1.156309	0.628873
18.000000	5.000000	1.302391	0.511390
18.000000	6.000000	0.877406	1.449840
18.000000	7.000000	1.854504	0.697723
18.000000	8.000000	2.600351	1.264358
18.000000	9.000000	-5.001952	-0.413608
18.000000	10.000000	3.441548	-0.192760
18.000000	11.000000	2.353398	0.996362
18.000000	12.000000	1.166622	0.306900
18.000000	13.000000	1.469916	1.284860
18.000000	14.000000	-3.959707	-0.113602
18.000000	15.000000	-4.199393	-0.727641
18.000000	16.000000	2.212757	0.196343
18.000000	17.000000	-3.481314	-0.450102
18.000000	18.000000	-2.213616	-0.139571
18.000000	19.000000	2.366291	-0.835601
18.000000	20.000000	1.732414	-0.649097
19.000000	1.000000	26.440466	1.160414
19.000000	2.000000	-30.516527	0.627669
19.000000	3.000000	-13.825099	-2.544450
19.000000	4.000000	-5.988714	-2.919255
19.000000	5.000000	-7.970927	-2.285101
19.000000	6.000000	-6.227553	-6.663096
19.000000	7.000000	-9.192031	-2.604655
19.000000	8.000000	-16.826202	-2.951070
19.000000	9.000000	25.271202	1.557932
19.000000	10.000000	-25.448307	-0.371306
19.000000	11.000000	-15.411773	-2.949593
19.000000	12.000000	-13.960078	-3.038290
19.000000	13.000000	-15.350496	-3.565385
19.000000	14.000000	20.570073	0.058966
19.000000	15.000000	27.748988	0.881569
19.000000	16.000000	-11.257827	-2.116073
19.000000	17.000000	14.796714	2.980454
19.000000	18.000000	14.111581	1.465988
19.000000	19.000000	-9.894264	3.696491
19.000000	20.000000	-12.732432	3.514063
