0.000000	1.000000	0.238197	-0.762664
0.000000	2.000000	0.125861	-0.554508
0.000000	3.000000	-0.132624	-1.293566
0.000000	4.000000	-0.191109	-0.702583
0.000000	5.000000	-1.735739	0.918237
0.000000	6.000000	0.421353	-0.169959
0.000000	7.000000	-2.461803	1.359549
0.000000	8.000000	-1.372746	1.604180
0.000000	9.000000	-2.847746	5.558359
0.000000	10.000000	-4.514261	5.461475
0.000000	11.000000	2.239919	2.907498
0.000000	12.000000	3.215780	3.990122
0.000000	13.000000	2.876393	4.146885
0.000000	14.000000	-3.878319	3.307827
0.000000	15.000000	-3.579180	3.750532
0.000000	16.000000	2.405370	1.368769
0.000000	17.000000	1.247746	0.206105
0.000000	18.000000	-7.055902	6.544630
0.000000	19.000000	-7.832827	7.879712
0.000000	20.000000	-8.257624	6.626925
1.000000	1.000000	-0.047214	-0.878647
1.000000	2.000000	0.050000	-0.647746
1.000000	3.000000	-0.347214	-0.737868
1.000000	4.000000	-0.133485	-0.402254
1.000000	5.000000	-1.531763	0.191186
1.000000	6.000000	0.243237	-0.040451
1.000000	7.000000	-1.491186	0.790654
1.000000	8.000000	0.247010	1.044834
1.000000	9.000000	-0.140528	2.148762
1.000000	10.000000	-2.310159	2.177738
1.000000	11.000000	1.260817	1.371101
1.000000	12.000000	0.577661	1.485691
1.000000	13.000000	1.417783	1.305650
1.000000	14.000000	-2.061020	1.051142
1.000000	15.000000	-1.088806	1.478396
1.000000	16.000000	0.800735	-0.076519
1.000000	17.000000	0.190857	-0.033814
1.000000	18.000000	-2.931918	1.936959
1.000000	19.000000	-3.386301	1.944989
1.000000	20.000000	-3.977081	2.899294
2.000000	1.000000	-0.209017	1.305698
2.000000	2.000000	-0.156763	0.954837
2.000000	3.000000	0.347214	1.749593
2.000000	4.000000	0.273607	0.951190
2.000000	5.000000	2.682421	-1.036397
2.000000	6.000000	-0.571681	0.194959
2.000000	7.000000	3.383407	-1.848200
2.000000	8.000000	1.220085	-2.249922
2.000000	9.000000	2.934597	-6.886367
2.000000	10.000000	5.942018	-6.807391
2.000000	11.000000	-3.019146	-3.754885
2.000000	12.000000	-3.572794	-4.908330
2.000000	13.000000	-3.752631	-4.953821
2.000000	14.000000	5.152099	-3.957469
2.000000	15.000000	4.252099	-4.664231
2.000000	16.000000	-2.900251	-1.321478
2.000000	17.000000	-1.365702	-0.185207
2.000000	18.000000	8.867927	-7.741737
2.000000	19.000000	9.925676	-9.081781
2.000000	20.000000	10.715595	-8.418788
3.000000	1.000000	0.176393	0.071681
3.000000	2.000000	0.046885	0.057624
3.000000	3.000000	0.132624	-0.343441
3.000000	4.000000	-0.035613	-0.185613
3.000000	5.000000	-0.126064	0.449342
3.000000	6.000000	0.110081	-0.080041
3.000000	7.000000	-0.599874	0.351596
3.000000	8.000000	-1.001064	0.345695
3.000000	9.000000	-1.673152	2.107247
3.000000	10.000000	-1.362210	2.029461
3.000000	11.000000	0.605118	0.949545
3.000000	12.000000	1.630447	1.547823
3.000000	13.000000	0.901471	1.755979
3.000000	14.000000	-1.123152	1.394708
3.000000	15.000000	-1.539135	1.404257
3.000000	16.000000	0.991718	0.893237
3.000000	17.000000	0.653193	0.148278
3.000000	18.000000	-2.548762	2.847698
3.000000	19.000000	-2.748104	3.667860
3.000000	20.000000	-2.645521	2.303803
4.000000	1.000000	0.100000	-1.350000
4.000000	2.000000	0.127786	-0.990451
4.000000	3.000000	-0.429180	-1.537336
4.000000	4.000000	-0.251596	-0.836475
4.000000	5.000000	-2.604508	0.758688
4.000000	6.000000	0.503647	-0.145492
4.000000	7.000000	-3.012664	1.630902
4.000000	8.000000	-0.601393	2.036271
4.000000	9.000000	-1.900532	5.584017
4.000000	10.000000	-5.100126	5.553115
4.000000	11.000000	2.645163	3.168034
4.000000	12.000000	2.565122	3.951722
4.000000	13.000000	3.195492	3.868566
4.000000	14.000000	-4.457953	3.095492
4.000000	15.000000	-3.300861	3.796353
4.000000	16.000000	2.287336	0.769427
4.000000	17.000000	0.962007	0.093566
4.000000	18.000000	-7.292705	5.981763
4.000000	19.000000	-8.227254	6.814919
4.000000	20.000000	-9.080573	6.994959
5.000000	1.000000	-0.238197	0.762664
5.000000	2.000000	-0.125861	0.554508
5.000000	3.000000	0.132624	1.293566
5.000000	4.000000	0.191109	0.702583
5.000000	5.000000	1.735739	-0.918237
5.000000	6.000000	-0.421353	0.169959
5.000000	7.000000	2.461803	-1.359549
5.000000	8.000000	1.372746	-1.604180
5.000000	9.000000	2.847746	-5.558359
5.000000	10.000000	4.514261	-5.461475
5.000000	11.000000	-2.239919	-2.907498
5.000000	12.000000	-3.215780	-3.990122
5.000000	13.000000	-2.876393	-4.146885
5.000000	14.000000	3.878319	-3.307827
5.000000	15.000000	3.579180	-3.750532
5.000000	16.000000	-2.405370	-1.368769
5.000000	17.000000	-1.247746	-0.206105
5.000000	18.000000	7.055902	-6.544630
5.000000	19.000000	7.832827	-7.879712
5.000000	20.000000	8.257624	-6.626925
6.000000	1.000000	0.047214	0.878647
6.000000	2.000000	-0.050000	0.647746
6.000000	3.000000	0.347214	0.737868
6.000000	4.000000	0.133485	0.402254
6.000000	5.000000	1.531763	-0.191186
6.000000	6.000000	-0.243237	0.040451
6.000000	7.000000	1.491186	-0.790654
6.000000	8.000000	-0.247010	-1.044834
6.000000	9.000000	0.140528	-2.148762
6.000000	10.000000	2.310159	-2.177738
6.000000	11.000000	-1.260817	-1.371101
6.000000	12.000000	-0.577661	-1.485691
6.000000	13.000000	-1.417783	-1.305650
6.000000	14.000000	2.061020	-1.051142
6.000000	15.000000	1.088806	-1.478396
6.000000	16.000000	-0.800735	0.076519
6.000000	17.000000	-0.190857	0.033814
6.000000	18.000000	2.931918	-1.936959
6.000000	19.000000	3.386301	-1.944989
6.000000	20.000000	3.977081	-2.899294
7.000000	1.000000	0.209017	-1.305698
7.000000	2.000000	0.156763	-0.954837
7.000000	3.000000	-0.347214	-1.749593
7.000000	4.000000	-0.273607	-0.951190
7.000000	5.000000	-2.682421	1.036397
7.000000	6.000000	0.571681	-0.194959
7.000000	7.000000	-3.383407	1.848200
7.000000	8.000000	-1.220085	2.249922
7.000000	9.000000	-2.934597	6.886367
7.000000	10.000000	-5.942018	6.807391
7.000000	11.000000	3.019146	3.754885
7.000000	12.000000	3.572794	4.908330
7.000000	13.000000	3.752631	4.953821
7.000000	14.000000	-5.152099	3.957469
7.000000	15.000000	-4.252099	4.664231
7.000000	16.000000	2.900251	1.321478
7.000000	17.000000	1.365702	0.185207
7.000000	18.000000	-8.867927	7.741737
7.000000	19.000000	-9.925676	9.081781
7.000000	20.000000	-10.715595	8.418788
8.000000	1.000000	-0.176393	-0.071681
8.000000	2.000000	-0.046885	-0.057624
8.000000	3.000000	-0.132624	0.343441
8.000000	4.000000	0.035613	0.185613
8.000000	5.000000	0.126064	-0.449342
8.000000	6.000000	-0.110081	0.080041
8.000000	7.000000	0.599874	-0.351596
8.000000	8.000000	1.001064	-0.345695
8.000000	9.000000	1.673152	-2.107247
8.000000	10.000000	1.362210	-2.029461
8.000000	11.000000	-0.605118	-0.949545
8.000000	12.000000	-1.630447	-1.547823
8.000000	13.000000	-0.901471	-1.755979
8.000000	14.000000	1.123152	-1.394708
8.000000	15.000000	1.539135	-1.404257
8.000000	16.000000	-0.991718	-0.893237
8.000000	17.000000	-0.653193	-0.148278
8.000000	18.000000	2.548762	-2.847698
8.000000	19.000000	2.748104	-3.667860
8.000000	20.000000	2.645521	-2.303803
9.000000	1.000000	-0.100000	1.350000
9.000000	2.000000	-0.127786	0.990451
9.000000	3.000000	0.429180	1.537336
9.000000	4.000000	0.251596	0.836475
9.000000	5.000000	2.604508	-0.758688
9.000000	6.000000	-0.503647	0.145492
9.000000	7.000000	3.012664	-1.630902
9.000000	8.000000	0.601393	-2.036271
9.000000	9.000000	1.900532	-5.584017
9.000000	10.000000	5.100126	-5.553115
9.000000	11.000000	-2.645163	-3.168034
9.000000	12.000000	-2.565122	-3.951722
9.000000	13.000000	-3.195492	-3.868566
9.000000	14.000000	4.457953	-3.095492
9.000000	15.000000	3.300861	-3.796353
9.000000	16.000000	-2.287336	-0.769427
9.000000	17.000000	-0.962007	-0.093566
9.000000	18.000000	7.292705	-5.981763
9.000000	19.000000	8.227254	-6.814919
9.000000	20.000000	9.080573	-6.994959
10.000000	1.000000	0.238197	-0.762664
10.000000	2.000000	0.125861	-0.554508
10.000000	3.000000	-0.132624	-1.293566
10.000000	4.000000	-0.191109	-0.702583
10.000000	5.000000	-1.735739	0.918237
10.000000	6.000000	0.421353	-0.169959
10.000000	7.000000	-2.461803	1.359549
10.000000	8.000000	-1.372746	1.604180
10.000000	9.000000	-2.847746	5.558359
10.000000	10.000000	-4.514261	5.461475
10.000000	11.000000	2.239919	2.907498
10.000000	12.000000	3.215780	3.990122
10.000000	13.000000	2.876393	4.146885
10.000000	14.000000	-3.878319	3.307827
10.000000	15.000000	-3.579180	3.750532
10.000000	16.000000	2.405370	1.368769
10.000000	17.000000	1.247746	0.206105
10.000000	18.000000	-7.055902	6.544630
10.000000	19.000000	-7.832827	7.879712
10.000000	20.000000	-8.257624	6.626925
11.000000	1.000000	-0.047214	-0.878647
11.000000	2.000000	0.050000	-0.647746
11.000000	3.000000	-0.347214	-0.737868
11.000000	4.000000	-0.133485	-0.402254
11.000000	5.000000	-1.531763	0.191186
11.000000	6.000000	0.243237	-0.040451
11.000000	7.000000	-1.491186	0.790654
11.000000	8.000000	0.247010	1.044834
11.000000	9.000000	-0.140528	2.148762
11.000000	10.000000	-2.310159	2.177738
11.000000	11.000000	1.260817	1.371101
11.000000	12.000000	0.577661	1.485691
11.000000	13.000000	1.417783	1.305650
11.000000	14.000000	-2.061020	1.051142
11.000000	15.000000	-1.088806	1.478396
11.000000	16.000000	0.800735	-0.076519
11.000000	17.000000	0.190857	-0.033814
11.000000	18.000000	-2.931918	1.936959
11.000000	19.000000	-3.386301	1.944989
11.000000	20.000000	-3.977081	2.899294
12.000000	1.000000	-0.209017	1.305698
12.000000	2.000000	-0.156763	0.954837
12.000000	3.000000	0.347214	1.749593
12.000000	4.000000	0.273607	0.951190
12.000000	5.000000	2.682421	-1.036397
12.000000	6.000000	-0.571681	0.194959
12.000000	7.000000	3.383407	-1.848200
12.000000	8.000000	1.220085	-2.249922
12.000000	9.000000	2.934597	-6.886367
12.000000	10.000000	5.942018	-6.807391
12.000000	11.000000	-3.019146	-3.754885
12.000000	12.000000	-3.572794	-4.908330
12.000000	13.000000	-3.752631	-4.953821
12.000000	14.000000	5.152099	-3.957469
12.000000	15.000000	4.252099	-4.664231
12.000000	16.000000	-2.900251	-1.321478
12.000000	17.000000	-1.365702	-0.185207
12.000000	18.000000	8.867927	-7.741737
12.000000	19.000000	9.925676	-9.081781
12.000000	20.000000	10.715595	-8.418788
13.000000	1.000000	0.176393	0.071681
13.000000	2.000000	0.046885	0.057624
13.000000	3.000000	0.132624	-0.343441
13.000000	4.000000	-0.035613	-0.185613
13.000000	5.000000	-0.126064	0.449342
13.000000	6.000000	0.110081	-0.080041
13.000000	7.000000	-0.599874	0.351596
13.000000	8.000000	-1.001064	0.345695
13.000000	9.000000	-1.673152	2.107247
13.000000	10.000000	-1.362210	2.029461
13.000000	11.000000	0.605118	0.949545
13.000000	12.000000	1.630447	1.547823
13.000000	13.000000	0.901471	1.755979
13.000000	14.000000	-1.123152	1.394708
13.000000	15.000000	-1.539135	1.404257
13.000000	16.000000	0.991718	0.893237
13.000000	17.000000	0.653193	0.148278
13.000000	18.000000	-2.548762	2.847698
13.000000	19.000000	-2.748104	3.667860
13.000000	20.000000	-2.645521	2.303803
14.000000	1.000000	0.100000	-1.350000
14.000000	2.000000	0.127786	-0.990451
14.000000	3.000000	-0.429180	-1.537336
14.000000	4.000000	-0.251596	-0.836475
14.000000	5.000000	-2.604508	0.758688
14.000000	6.000000	0.503647	-0.145492
14.000000	7.000000	-3.012664	1.630902
14.000000	8.000000	-0.601393	2.036271
14.000000	9.000000	-1.900532	5.584017
14.000000	10.000000	-5.100126	5.553115
14.000000	11.000000	2.645163	3.168034
14.000000	12.000000	2.565122	3.951722
14.000000	13.000000	3.195492	3.868566
14.000000	14.000000	-4.457953	3.095492
14.000000	15.000000	-3.300861	3.796353
14.000000	16.000000	2.287336	0.769427
14.000000	17.000000	0.962007	0.093566
14.000000	18.000000	-7.292705	5.981763
14.000000	19.000000	-8.227254	6.814919
14.000000	20.000000	-9.080573	6.994959
15.000000	1.000000	-0.238197	0.762664
15.000000	2.000000	-0.125861	0.554508
15.000000	3.000000	0.132624	1.293566
15.000000	4.000000	0.191109	0.702583
15.000000	5.000000	1.735739	-0.918237
15.000000	6.000000	-0.421353	0.169959
15.000000	7.000000	2.461803	-1.359549
15.000000	8.000000	1.372746	-1.604180
15.000000	9.000000	2.847746	-5.558359
15.000000	10.000000	4.514261	-5.461475
15.000000	11.000000	-2.239919	-2.907498
15.000000	12.000000	-3.215780	-3.990122
15.000000	13.000000	-2.876393	-4.146885
15.000000	14.000000	3.878319	-3.307827
15.000000	15.000000	3.579180	-3.750532
15.000000	16.000000	-2.405370	-1.368769
15.000000	17.000000	-1.247746	-0.206105
15.000000	18.000000	7.055902	-6.544630
15.000000	19.000000	7.832827	-7.879712
15.000000	20.000000	8.257624	-6.626925
16.000000	1.000000	0.047214	0.878647
16.000000	2.000000	-0.050000	0.647746
16.000000	3.000000	0.347214	0.737868
16.000000	4.000000	0.133485	0.402254
16.000000	5.000000	1.531763	-0.191186
16.000000	6.000000	-0.243237	0.040451
16.000000	7.000000	1.491186	-0.790654
16.000000	8.000000	-0.247010	-1.044834
16.000000	9.000000	0.140528	-2.148762
16.000000	10.000000	2.310159	-2.177738
16.000000	11.000000	-1.260817	-1.371101
16.000000	12.000000	-0.577661	-1.485691
16.000000	13.000000	-1.417783	-1.305650
16.000000	14.000000	2.061020	-1.051142
16.000000	15.000000	1.088806	-1.478396
16.000000	16.000000	-0.800735	0.076519
16.000000	17.000000	-0.190857	0.033814
16.000000	18.000000	2.931918	-1.936959
16.000000	19.000000	3.386301	-1.944989
16.000000	20.000000	3.977081	-2.899294
17.000000	1.000000	0.209017	-1.305698
17.000000	2.000000	0.156763	-0.954837
17.000000	3.000000	-0.347214	-1.749593
17.000000	4.000000	-0.273607	-0.951190
17.000000	5.000000	-2.682421	1.036397
17.000000	6.000000	0.571681	-0.194959
17.000000	7.000000	-3.383407	1.848200
17.000000	8.000000	-1.220085	2.249922
17.000000	9.000000	-2.934597	6.886367
17.000000	10.000000	-5.942018	6.807391
17.000000	11.000000	3.019146	3.754885
17.000000	12.000000	3.572794	4.908330
17.000000	13.000000	3.752631	4.953821
17.000000	14.000000	-5.152099	3.957469
17.000000	15.000000	-4.252099	4.664231
17.000000	16.000000	2.900251	1.321478
17.000000	17.000000	1.365702	0.185207
17.000000	18.000000	-8.867927	7.741737
17.000000	19.000000	-9.925676	9.081781
17.000000	20.000000	-10.715595	8.418788
18.000000	1.000000	-0.176393	-0.071681
18.000000	2.000000	-0.046885	-0.057624
18.000000	3.000000	-0.132624	0.343441
18.000000	4.000000	0.035613	0.185613
18.000000	5.000000	0.126064	-0.449342
18.000000	6.000000	-0.110081	0.080041
18.000000	7.000000	0.599874	-0.351596
18.000000	8.000000	1.001064	-0.345695
18.000000	9.000000	1.673152	-2.107247
18.000000	10.000000	1.362210	-2.029461
18.000000	11.000000	-0.605118	-0.949545
18.000000	12.000000	-1.630447	-1.547823
18.000000	13.000000	-0.901471	-1.755979
18.000000	14.000000	1.123152	-1.394708
18.000000	15.000000	1.539135	-1.404257
18.000000	16.000000	-0.991718	-0.893237
18.000000	17.000000	-0.653193	-0.148278
18.000000	18.000000	2.548762	-2.847698
18.000000	19.000000	2.748104	-3.667860
18.000000	20.000000	2.645521	-2.303803
19.000000	1.000000	-0.100000	1.350000
19.000000	2.000000	-0.127786	0.990451
19.000000	3.000000	0.429180	1.537336
19.000000	4.000000	0.251596	0.836475
19.000000	5.000000	2.604508	-0.758688
19.000000	6.000000	-0.503647	0.145492
19.000000	7.000000	3.012664	-1.630902
19.000000	8.000000	0.601393	-2.036271
19.000000	9.000000	1.900532	-5.584017
19.000000	10.000000	5.100126	-5.553115
19.000000	11.000000	-2.645163	-3.168034
19.000000	12.000000	-2.565122	-3.951722
19.000000	13.000000	-3.195492	-3.868566
19.000000	14.000000	4.457953	-3.095492
19.000000	15.000000	3.300861	-3.796353
19.000000	16.000000	-2.287336	-0.769427
19.000000	17.000000	-0.962007	-0.093566
19.000000	18.000000	7.292705	-5.981763
19.000000	19.000000	8.227254	-6.814919
19.000000	20.000000	9.080573	-6.994959
