0.000000	1.000000	3.954838	9.739786
0.000000	2.000000	1.008798	4.560026
0.000000	3.000000	-0.377175	4.639570
0.000000	4.000000	13.067560	6.856236
0.000000	5.000000	-1.141768	9.698210
0.000000	6.000000	12.890972	-3.526889
0.000000	7.000000	-1.333481	4.953069
0.000000	8.000000	3.188309	9.822577
0.000000	9.000000	-7.247835	4.818894
0.000000	10.000000	6.242497	7.138865
0.000000	11.000000	-1.502449	9.777088
0.000000	12.000000	14.247882	4.505099
0.000000	13.000000	-10.565381	5.068976
0.000000	14.000000	12.926067	4.981196
0.000000	15.000000	-7.356322	7.348098
0.000000	16.000000	-3.804705	10.046510
0.000000	17.000000	0.277411	5.250331
0.000000	18.000000	-9.976668	4.674720
0.000000	19.000000	-6.768228	6.933754
0.000000	20.000000	6.428022	11.489628
1.000000	1.000000	-3.489161	-8.777441
1.000000	2.000000	-0.850959	-3.919249
1.000000	3.000000	0.403065	-4.167030
1.000000	4.000000	-11.889508	-6.196640
1.000000	5.000000	1.230041	-8.868810
1.000000	6.000000	-11.444588	3.190525
1.000000	7.000000	1.219458	-4.548106
1.000000	8.000000	-2.882601	-8.859454
1.000000	9.000000	6.453101	-4.486982
1.000000	10.000000	-5.700300	-6.457754
1.000000	11.000000	1.391676	-8.990496
1.000000	12.000000	-12.761920	-3.982448
1.000000	13.000000	9.692285	-4.705069
1.000000	14.000000	-11.504050	-4.574662
1.000000	15.000000	6.597375	-6.745578
1.000000	16.000000	3.259672	-9.219809
1.000000	17.000000	-0.271694	-4.585007
1.000000	18.000000	9.018494	-4.220641
1.000000	19.000000	6.009225	-6.321078
1.000000	20.000000	-5.781309	-10.330530
2.000000	1.000000	2.681941	6.955899
2.000000	2.000000	0.609821	2.894829
2.000000	3.000000	-0.389501	3.286593
2.000000	4.000000	9.547627	4.930474
2.000000	5.000000	-1.197909	7.171269
2.000000	6.000000	8.877927	-2.541851
2.000000	7.000000	-0.986066	3.697942
2.000000	8.000000	2.294723	7.029106
2.000000	9.000000	-5.026692	3.715852
2.000000	10.000000	4.600117	5.144514
2.000000	11.000000	-1.144676	7.323852
2.000000	12.000000	10.026732	3.069967
2.000000	13.000000	-7.870440	3.880597
2.000000	14.000000	8.955937	3.720329
2.000000	15.000000	-5.192631	5.482754
2.000000	16.000000	-2.395560	7.490609
2.000000	17.000000	0.239381	3.470872
2.000000	18.000000	-7.177527	3.353416
2.000000	19.000000	-4.661997	5.089651
2.000000	20.000000	4.568681	8.160207
3.000000	1.000000	-1.612195	-4.453464
3.000000	2.000000	-0.308991	-1.587043
3.000000	3.000000	0.337809	-2.084440
3.000000	4.000000	-6.271159	-3.181679
3.000000	5.000000	1.048517	-4.771754
3.000000	6.000000	-5.442234	1.644362
3.000000	7.000000	0.656151	-2.485799
3.000000	8.000000	-1.482223	-4.510700
3.000000	9.000000	3.108235	-2.580989
3.000000	10.000000	-3.049642	-3.327693
3.000000	11.000000	0.785627	-4.940299
3.000000	12.000000	-6.310057	-1.856976
3.000000	13.000000	5.278181	-2.676265
3.000000	14.000000	-5.531154	-2.501824
3.000000	15.000000	3.279597	-3.683241
3.000000	16.000000	1.296953	-5.028176
3.000000	17.000000	-0.183636	-2.016983
3.000000	18.000000	4.633974	-2.157935
3.000000	19.000000	2.858421	-3.360014
3.000000	20.000000	-2.908838	-5.191106
4.000000	1.000000	0.384635	1.515094
4.000000	2.000000	-0.022086	0.123906
4.000000	3.000000	-0.253050	0.678248
4.000000	4.000000	2.380826	1.121439
4.000000	5.000000	-0.796490	1.905147
4.000000	6.000000	1.473817	-0.585912
4.000000	7.000000	-0.262007	1.030328
4.000000	8.000000	0.524632	1.550755
4.000000	9.000000	-0.885523	1.193481
4.000000	10.000000	1.200648	1.185133
4.000000	11.000000	-0.349675	2.073154
4.000000	12.000000	1.975711	0.462212
4.000000	13.000000	-2.169258	1.209962
4.000000	14.000000	1.564943	1.038423
4.000000	15.000000	-1.045532	1.523185
4.000000	16.000000	-0.071392	2.073551
4.000000	17.000000	0.109915	0.365657
4.000000	18.000000	-1.636815	0.751220
4.000000	19.000000	-0.775042	1.301475
4.000000	20.000000	0.964258	1.713864
5.000000	1.000000	0.880576	1.571585
5.000000	2.000000	0.351001	1.351360
5.000000	3.000000	0.143521	0.794335
5.000000	4.000000	1.742559	1.048576
5.000000	5.000000	0.466496	1.147950
5.000000	6.000000	2.638868	-0.529891
5.000000	7.000000	-0.157784	0.525999
5.000000	8.000000	0.484314	1.560988
5.000000	9.000000	-1.423870	0.310854
5.000000	10.000000	0.765875	1.073435
5.000000	11.000000	-0.120505	0.996925
5.000000	12.000000	2.552032	0.977797
5.000000	13.000000	-1.152008	0.374781
5.000000	14.000000	2.554455	0.526626
5.000000	15.000000	-1.290876	0.785970
5.000000	16.000000	-1.161157	1.084049
5.000000	17.000000	-0.025435	1.321461
5.000000	18.000000	-1.520566	0.729029
5.000000	19.000000	-1.384203	0.884461
5.000000	20.000000	1.074710	1.931143
6.000000	1.000000	-2.059589	-4.504425
6.000000	2.000000	-0.645558	-2.694345
6.000000	3.000000	-0.019943	-2.189164
6.000000	4.000000	-5.695370	-3.115948
6.000000	5.000000	-0.090838	-4.088677
6.000000	6.000000	-6.493242	1.593825
6.000000	7.000000	0.562129	-2.030837
6.000000	8.000000	-1.445852	-4.519931
6.000000	9.000000	3.593885	-1.784760
6.000000	10.000000	-2.657428	-3.226928
6.000000	11.000000	0.578889	-3.969418
6.000000	12.000000	-6.829964	-2.322093
6.000000	13.000000	4.360507	-1.922837
6.000000	14.000000	-6.423806	-2.040126
6.000000	15.000000	3.500924	-3.018189
6.000000	16.000000	2.280045	-4.135534
6.000000	17.000000	-0.061535	-2.879225
6.000000	18.000000	4.529104	-2.137916
6.000000	19.000000	3.407952	-2.983820
6.000000	20.000000	-3.008478	-5.387117
7.000000	1.000000	3.036996	6.996342
7.000000	2.000000	0.876923	3.773589
7.000000	3.000000	-0.105587	3.369701
7.000000	4.000000	9.090679	4.878310
7.000000	5.000000	-0.293711	6.629175
7.000000	6.000000	9.712012	-2.501744
7.000000	7.000000	-0.911450	3.336883
7.000000	8.000000	2.265859	7.036432
7.000000	9.000000	-5.412106	3.083961
7.000000	10.000000	4.288854	5.064547
7.000000	11.000000	-0.980608	6.553357
7.000000	12.000000	10.439332	3.439086
7.000000	13.000000	-7.142169	3.282673
7.000000	14.000000	9.664349	3.353923
7.000000	15.000000	-5.368278	4.954966
7.000000	16.000000	-3.175745	6.782204
7.000000	17.000000	0.142481	4.155151
7.000000	18.000000	-7.094302	3.337529
7.000000	19.000000	-5.098108	4.791102
7.000000	20.000000	4.647755	8.315762
8.000000	1.000000	-3.717120	-8.803407
8.000000	2.000000	-1.022448	-4.483448
8.000000	3.000000	0.220782	-4.220390
8.000000	4.000000	-11.596129	-6.163149
8.000000	5.000000	0.649510	-8.520764
8.000000	6.000000	-11.980103	3.164775
8.000000	7.000000	1.171552	-4.316292
8.000000	8.000000	-2.864069	-8.864158
8.000000	9.000000	6.700552	-4.081283
8.000000	10.000000	-5.500456	-6.406412
8.000000	11.000000	1.286338	-8.495808
8.000000	12.000000	-13.026825	-4.219437
8.000000	13.000000	9.224706	-4.321178
8.000000	14.000000	-11.958879	-4.339415
8.000000	15.000000	6.710147	-6.406717
8.000000	16.000000	3.760582	-8.764985
8.000000	17.000000	-0.209480	-5.024342
8.000000	18.000000	8.965060	-4.210441
8.000000	19.000000	6.289225	-6.129398
8.000000	20.000000	-5.832078	-10.430402
9.000000	1.000000	4.033387	9.748734
9.000000	2.000000	1.067889	4.754436
9.000000	3.000000	-0.314364	4.657956
9.000000	4.000000	12.966468	6.844696
9.000000	5.000000	-0.941730	9.578282
9.000000	6.000000	13.075498	-3.518016
9.000000	7.000000	-1.316973	4.873191
9.000000	8.000000	3.181923	9.824198
9.000000	9.000000	-7.333101	4.679100
9.000000	10.000000	6.173636	7.121174
9.000000	11.000000	-1.466152	9.606630
9.000000	12.000000	14.339162	4.586760
9.000000	13.000000	-10.404265	4.936696
9.000000	14.000000	13.082790	4.900135
9.000000	15.000000	-7.395180	7.231334
9.000000	16.000000	-3.977307	9.889788
9.000000	17.000000	0.255974	5.401715
9.000000	18.000000	-9.958256	4.671206
9.000000	19.000000	-6.864709	6.867705
9.000000	20.000000	6.445516	11.524042
10.000000	1.000000	-3.954838	-9.739786
10.000000	2.000000	-1.008798	-4.560026
10.000000	3.000000	0.377175	-4.639570
10.000000	4.000000	-13.067560	-6.856236
10.000000	5.000000	1.141768	-9.698210
10.000000	6.000000	-12.890972	3.526889
10.000000	7.000000	1.333481	-4.953069
10.000000	8.000000	-3.188309	-9.822577
10.000000	9.000000	7.247835	-4.818894
10.000000	10.000000	-6.242497	-7.138865
10.000000	11.000000	1.502449	-9.777088
10.000000	12.000000	-14.247882	-4.505099
10.000000	13.000000	10.565381	-5.068976
10.000000	14.000000	-12.926067	-4.981196
10.000000	15.000000	7.356322	-7.348098
10.000000	16.000000	3.804705	-10.046510
10.000000	17.000000	-0.277411	-5.250331
10.000000	18.000000	9.976668	-4.674720
10.000000	19.000000	6.768228	-6.933754
10.000000	20.000000	-6.428022	-11.489628
11.000000	1.000000	3.489161	8.777441
11.000000	2.000000	0.850959	3.919249
11.000000	3.000000	-0.403065	4.167030
11.000000	4.000000	11.889508	6.196640
11.000000	5.000000	-1.230041	8.868810
11.000000	6.000000	11.444588	-3.190525
11.000000	7.000000	-1.219458	4.548106
11.000000	8.000000	2.882601	8.859454
11.000000	9.000000	-6.453101	4.486982
11.000000	10.000000	5.700300	6.457754
11.000000	11.000000	-1.391676	8.990496
11.000000	12.000000	12.761920	3.982448
11.000000	13.000000	-9.692285	4.705069
11.000000	14.000000	11.504050	4.574662
11.000000	15.000000	-6.597375	6.745578
11.000000	16.000000	-3.259672	9.219809
11.000000	17.000000	0.271694	4.585007
11.000000	18.000000	-9.018494	4.220641
11.000000	19.000000	-6.009225	6.321078
11.000000	20.000000	5.781309	10.330530
12.000000	1.000000	-2.681941	-6.955899
12.000000	2.000000	-0.609821	-2.894829
12.000000	3.000000	0.389501	-3.286593
12.000000	4.000000	-9.547627	-4.930474
12.000000	5.000000	1.197909	-7.171269
12.000000	6.000000	-8.877927	2.541851
12.000000	7.000000	0.986066	-3.697942
12.000000	8.000000	-2.294723	-7.029106
12.000000	9.000000	5.026692	-3.715852
12.000000	10.000000	-4.600117	-5.144514
12.000000	11.000000	1.144676	-7.323852
12.000000	12.000000	-10.026732	-3.069967
12.000000	13.000000	7.870440	-3.880597
12.000000	14.000000	-8.955937	-3.720329
12.000000	15.000000	5.192631	-5.482754
12.000000	16.000000	2.395560	-7.490609
12.000000	17.000000	-0.239381	-3.470872
12.000000	18.000000	7.177527	-3.353416
12.000000	19.000000	4.661997	-5.089651
12.000000	20.000000	-4.568681	-8.160207
13.000000	1.000000	1.612195	4.453464
13.000000	2.000000	0.308991	1.587043
13.000000	3.000000	-0.337809	2.084440
13.000000	4.000000	6.271159	3.181679
13.000000	5.000000	-1.048517	4.771754
13.000000	6.000000	5.442234	-1.644362
13.000000	7.000000	-0.656151	2.485799
13.000000	8.000000	1.482223	4.510700
13.000000	9.000000	-3.108235	2.580989
13.000000	10.000000	3.049642	3.327693
13.000000	11.000000	-0.785627	4.940299
13.000000	12.000000	6.310057	1.856976
13.000000	13.000000	-5.278181	2.676265
13.000000	14.000000	5.531154	2.501824
13.000000	15.000000	-3.279597	3.683241
13.000000	16.000000	-1.296953	5.028176
13.000000	17.000000	0.183636	2.016983
13.000000	18.000000	-4.633974	2.157935
13.000000	19.000000	-2.858421	3.360014
13.000000	20.000000	2.908838	5.191106
14.000000	1.000000	-0.384635	-1.515094
14.000000	2.000000	0.022086	-0.123906
14.000000	3.000000	0.253050	-0.678248
14.000000	4.000000	-2.380826	-1.121439
14.000000	5.000000	0.796490	-1.905147
14.000000	6.000000	-1.473817	0.585912
14.000000	7.000000	0.262007	-1.030328
14.000000	8.000000	-0.524632	-1.550755
14.000000	9.000000	0.885523	-1.193481
14.000000	10.000000	-1.200648	-1.185133
14.000000	11.000000	0.349675	-2.073154
14.000000	12.000000	-1.975711	-0.462212
14.000000	13.000000	2.169258	-1.209962
14.000000	14.000000	-1.564943	-1.038423
14.000000	15.000000	1.045532	-1.523185
14.000000	16.000000	0.071392	-2.073551
14.000000	17.000000	-0.109915	-0.365657
14.000000	18.000000	1.636815	-0.751220
14.000000	19.000000	0.775042	-1.301475
14.000000	20.000000	-0.964258	-1.713864
15.000000	1.000000	-0.880576	-1.571585
15.000000	2.000000	-0.351001	-1.351360
15.000000	3.000000	-0.143521	-0.794335
15.000000	4.000000	-1.742559	-1.048576
15.000000	5.000000	-0.466496	-1.147950
15.000000	6.000000	-2.638868	0.529891
15.000000	7.000000	0.157784	-0.525999
15.000000	8.000000	-0.484314	-1.560988
15.000000	9.000000	1.423870	-0.310854
15.000000	10.000000	-0.765875	-1.073435
15.000000	11.000000	0.120505	-0.996925
15.000000	12.000000	-2.552032	-0.977797
15.000000	13.000000	1.152008	-0.374781
15.000000	14.000000	-2.554455	-0.526626
15.000000	15.000000	1.290876	-0.785970
15.000000	16.000000	1.161157	-1.084049
15.000000	17.000000	0.025435	-1.321461
15.000000	18.000000	1.520566	-0.729029
15.000000	19.000000	1.384203	-0.884461
15.000000	20.000000	-1.074710	-1.931143
16.000000	1.000000	2.059589	4.504425
16.000000	2.000000	0.645558	2.694345
16.000000	3.000000	0.019943	2.189164
16.000000	4.000000	5.695370	3.115948
16.000000	5.000000	0.090838	4.088677
16.000000	6.000000	6.493242	-1.593825
16.000000	7.000000	-0.562129	2.030837
16.000000	8.000000	1.445852	4.519931
16.000000	9.000000	-3.593885	1.784760
16.000000	10.000000	2.657428	3.226928
16.000000	11.000000	-0.578889	3.969418
16.000000	12.000000	6.829964	2.322093
16.000000	13.000000	-4.360507	1.922837
16.000000	14.000000	6.423806	2.040126
16.000000	15.000000	-3.500924	3.018189
16.000000	16.000000	-2.280045	4.135534
16.000000	17.000000	0.061535	2.879225
16.000000	18.000000	-4.529104	2.137916
16.000000	19.000000	-3.407952	2.983820
16.000000	20.000000	3.008478	5.387117
17.000000	1.000000	-3.036996	-6.996342
17.000000	2.000000	-0.876923	-3.773589
17.000000	3.000000	0.105587	-3.369701
17.000000	4.000000	-9.090679	-4.878310
17.000000	5.000000	0.293711	-6.629175
17.000000	6.000000	-9.712012	2.501744
17.000000	7.000000	0.911450	-3.336883
17.000000	8.000000	-2.265859	-7.036432
17.000000	9.000000	5.412106	-3.083961
17.000000	10.000000	-4.288854	-5.064547
17.000000	11.000000	0.980608	-6.553357
17.000000	12.000000	-10.439332	-3.439086
17.000000	13.000000	7.142169	-3.282673
17.000000	14.000000	-9.664349	-3.353923
17.000000	15.000000	5.368278	-4.954966
17.000000	16.000000	3.175745	-6.782204
17.000000	17.000000	-0.142481	-4.155151
17.000000	18.000000	7.094302	-3.337529
17.000000	19.000000	5.098108	-4.791102
17.000000	20.000000	-4.647755	-8.315762
18.000000	1.000000	3.717120	8.803407
18.000000	2.000000	1.022448	4.483448
18.000000	3.000000	-0.220782	4.220390
18.000000	4.000000	11.596129	6.163149
18.000000	5.000000	-0.649510	8.520764
18.000000	6.000000	11.980103	-3.164775
18.000000	7.000000	-1.171552	4.316292
18.000000	8.000000	2.864069	8.864158
18.000000	9.000000	-6.700552	4.081283
18.000000	10.000000	5.500456	6.406412
18.000000	11.000000	-1.286338	8.495808
18.000000	12.000000	13.026825	4.219437
18.000000	13.000000	-9.224706	4.321178
18.000000	14.000000	11.958879	4.339415
18.000000	15.000000	-6.710147	6.406717
18.000000	16.000000	-3.760582	8.764985
18.000000	17.000000	0.209480	5.024342
18.000000	18.000000	-8.965060	4.210441
18.000000	19.000000	-6.289225	6.129398
18.000000	20.000000	5.832078	10.430402
19.000000	1.000000	-4.033387	-9.748734
19.000000	2.000000	-1.067889	-4.754436
19.000000	3.000000	0.314364	-4.657956
19.000000	4.000000	-12.966468	-6.844696
19.000000	5.000000	0.941730	-9.578282
19.000000	6.000000	-13.075498	3.518016
19.000000	7.000000	1.316973	-4.873191
19.000000	8.000000	-3.181923	-9.824198
19.000000	9.000000	7.333101	-4.679100
19.000000	10.000000	-6.173636	-7.121174
19.000000	11.000000	1.466152	-9.606630
19.000000	12.000000	-14.339162	-4.586760
19.000000	13.000000	10.404265	-4.936696
19.000000	14.000000	-13.082790	-4.900135
19.000000	15.000000	7.395180	-7.231334
19.000000	16.000000	3.977307	-9.889788
19.000000	17.000000	-0.255974	-5.401715
19.000000	18.000000	9.958256	-4.671206
19.000000	19.000000	6.864709	-6.867705
19.000000	20.000000	-6.445516	-11.524042
