0.000000	1.000000	0.295359	-2.665864
0.000000	2.000000	0.195181	-0.020611
0.000000	3.000000	1.057035	-6.226226
0.000000	4.000000	16.624064	-0.512503
0.000000	5.000000	-2.127409	0.454537
0.000000	6.000000	3.050487	1.788996
0.000000	7.000000	1.347104	3.063201
0.000000	8.000000	0.000000	-0.000000
0.000000	9.000000	-0.021858	0.089566
0.000000	10.000000	-0.050000	-0.100000
0.000000	11.000000	-1.491930	-4.253691
0.000000	12.000000	-5.452008	0.314251
0.000000	13.000000	6.832916	3.462137
0.000000	14.000000	5.020752	3.261938
0.000000	15.000000	-0.446020	-2.483819
0.000000	16.000000	8.036727	-4.711613
0.000000	17.000000	-0.386731	-0.012882
0.000000	18.000000	-2.265282	0.207638
0.000000	19.000000	-0.248351	3.202502
0.000000	20.000000	-11.453148	-4.009307
1.000000	1.000000	-0.245905	2.357920
1.000000	2.000000	-0.174281	0.029655
1.000000	3.000000	-0.895836	5.537841
1.000000	4.000000	-15.094410	0.481111
1.000000	5.000000	1.905073	-0.437332
1.000000	6.000000	-2.784267	-1.580198
1.000000	7.000000	-1.244984	-2.771975
1.000000	8.000000	-0.000000	0.000000
1.000000	9.000000	0.034044	-0.064584
1.000000	10.000000	0.045106	0.090211
1.000000	11.000000	1.335210	3.920971
1.000000	12.000000	4.900826	-0.326817
1.000000	13.000000	-6.187905	-3.179204
1.000000	14.000000	-4.484907	-2.827044
1.000000	15.000000	0.416108	2.231915
1.000000	16.000000	-7.217210	4.208626
1.000000	17.000000	0.360077	0.020064
1.000000	18.000000	2.029156	-0.183863
1.000000	19.000000	0.149239	-2.901096
1.000000	20.000000	10.301817	3.553860
2.000000	1.000000	0.172381	-1.819166
2.000000	2.000000	0.136322	-0.035796
2.000000	3.000000	0.646945	-4.307374
2.000000	4.000000	12.087210	-0.402625
2.000000	5.000000	-1.496255	0.377317
2.000000	6.000000	2.245503	1.216719
2.000000	7.000000	1.020996	2.209410
2.000000	8.000000	0.000000	-0.000000
2.000000	9.000000	-0.042898	0.033281
2.000000	10.000000	-0.035796	-0.071592
2.000000	11.000000	-1.047792	-3.204439
2.000000	12.000000	-3.869918	0.307393
2.000000	13.000000	4.937178	2.585068
2.000000	14.000000	3.510048	2.115419
2.000000	15.000000	-0.345464	-1.761535
2.000000	16.000000	5.691222	-3.293669
2.000000	17.000000	-0.298177	-0.025282
2.000000	18.000000	-1.594402	0.142090
2.000000	19.000000	-0.035519	2.315710
2.000000	20.000000	-8.142072	-2.750537
3.000000	1.000000	-0.081982	1.102339
3.000000	2.000000	-0.085018	0.038433
3.000000	3.000000	-0.334727	2.655271
3.000000	4.000000	-7.896830	0.284727
3.000000	5.000000	0.940973	-0.280368
3.000000	6.000000	-1.486934	-0.734140
3.000000	7.000000	-0.697066	-1.430571
3.000000	8.000000	-0.000000	0.000000
3.000000	9.000000	0.047553	0.001280
3.000000	10.000000	0.022982	0.045965
3.000000	11.000000	0.657808	2.174235
3.000000	12.000000	2.460195	-0.257878
3.000000	13.000000	-3.203166	-1.737887
3.000000	14.000000	-2.191601	-1.196722
3.000000	15.000000	0.241004	1.118724
3.000000	16.000000	-3.608137	2.056305
3.000000	17.000000	0.207089	0.028025
3.000000	18.000000	1.003577	-0.086408
3.000000	19.000000	-0.081678	-1.503646
3.000000	20.000000	5.185325	1.677972
4.000000	1.000000	-0.016441	-0.277607
4.000000	2.000000	0.025392	-0.037308
4.000000	3.000000	-0.010256	-0.743251
4.000000	4.000000	2.933454	-0.138957
4.000000	5.000000	-0.293582	0.155974
4.000000	6.000000	0.582813	0.179697
4.000000	7.000000	0.304902	0.511699
4.000000	8.000000	0.000000	-0.000000
4.000000	9.000000	-0.047553	-0.035716
4.000000	10.000000	-0.007919	-0.015838
4.000000	11.000000	-0.203433	-0.931201
4.000000	12.000000	-0.809651	0.183121
4.000000	13.000000	1.155606	0.720590
4.000000	14.000000	0.658625	0.160881
4.000000	15.000000	-0.112952	-0.366405
4.000000	16.000000	1.171863	-0.617655
4.000000	17.000000	-0.095730	-0.028025
4.000000	18.000000	-0.314514	0.022269
4.000000	19.000000	0.190880	0.544395
4.000000	20.000000	-1.721002	-0.441155
5.000000	1.000000	0.113255	-0.574298
5.000000	2.000000	0.036719	0.032532
5.000000	3.000000	0.354236	-1.241523
5.000000	4.000000	2.317070	-0.020414
5.000000	5.000000	-0.382546	-0.016313
5.000000	6.000000	0.378358	0.392335
5.000000	7.000000	0.117107	0.457263
5.000000	8.000000	0.000000	0.000000
5.000000	9.000000	0.042898	0.066656
5.000000	10.000000	-0.007919	-0.015838
5.000000	11.000000	-0.270855	-0.402986
5.000000	12.000000	-0.920147	-0.090439
5.000000	13.000000	1.005073	0.367243
5.000000	14.000000	0.938822	0.890707
5.000000	15.000000	-0.026156	-0.421780
5.000000	16.000000	1.379121	-0.881455
5.000000	17.000000	-0.025000	0.025282
5.000000	18.000000	-0.405335	0.044051
5.000000	19.000000	-0.281397	0.468145
5.000000	20.000000	-1.911785	-0.838845
6.000000	1.000000	-0.198983	1.369987
6.000000	2.000000	-0.095236	-0.024570
6.000000	3.000000	-0.663540	3.104768
6.000000	4.000000	-7.340783	0.177787
6.000000	5.000000	1.021229	-0.124945
6.000000	6.000000	-1.302492	-0.925963
6.000000	7.000000	-0.527654	-1.381464
6.000000	8.000000	-0.000000	0.000000
6.000000	9.000000	-0.034044	-0.091071
6.000000	10.000000	0.022982	0.045965
6.000000	11.000000	0.718630	1.697725
6.000000	12.000000	2.559875	-0.011096
6.000000	13.000000	-3.067369	-1.419128
6.000000	14.000000	-2.444370	-1.855107
6.000000	15.000000	0.162704	1.168679
6.000000	16.000000	-3.795108	2.294282
6.000000	17.000000	0.143283	-0.020064
6.000000	18.000000	1.085507	-0.106058
6.000000	19.000000	0.344369	-1.434860
6.000000	20.000000	5.357433	2.036733
7.000000	1.000000	0.265233	-2.031573
7.000000	2.000000	0.144431	0.014204
7.000000	3.000000	0.907892	-4.664097
7.000000	4.000000	11.645928	-0.317757
7.000000	5.000000	-1.559946	0.253973
7.000000	6.000000	2.099129	1.368951
7.000000	7.000000	0.886550	2.170438
7.000000	8.000000	0.000000	-0.000000
7.000000	9.000000	0.021858	0.106571
7.000000	10.000000	-0.035796	-0.071592
7.000000	11.000000	-1.096061	-2.826279
7.000000	12.000000	-3.949024	0.111545
7.000000	13.000000	4.829409	2.332099
7.000000	14.000000	3.710647	2.637917
7.000000	15.000000	-0.283325	-1.801179
7.000000	16.000000	5.839602	-3.482529
7.000000	17.000000	-0.247540	0.012882
7.000000	18.000000	-1.659422	0.157684
7.000000	19.000000	-0.373632	2.261121
7.000000	20.000000	-8.278658	-3.035251
8.000000	1.000000	-0.305520	2.494294
8.000000	2.000000	-0.179488	-0.002447
8.000000	3.000000	-1.063374	5.766871
8.000000	4.000000	-14.811089	0.426622
8.000000	5.000000	1.945965	-0.358140
8.000000	6.000000	-2.690289	-1.677937
8.000000	7.000000	-1.158664	-2.746954
8.000000	8.000000	-0.000000	0.000000
8.000000	9.000000	-0.007532	-0.111639
8.000000	10.000000	0.045106	0.090211
8.000000	11.000000	1.366201	3.678178
8.000000	12.000000	4.951616	-0.201075
8.000000	13.000000	-6.118713	-3.016788
8.000000	14.000000	-4.613699	-3.162508
8.000000	15.000000	0.376212	2.257368
8.000000	16.000000	-7.312476	4.329882
8.000000	17.000000	0.327566	-0.004439
8.000000	18.000000	2.070902	-0.193875
8.000000	19.000000	0.366321	-2.866048
8.000000	20.000000	10.389510	3.736658
9.000000	1.000000	0.315901	-2.712856
9.000000	2.000000	0.196975	-0.009549
9.000000	3.000000	1.114765	-6.305144
9.000000	4.000000	16.526438	-0.493727
9.000000	5.000000	-2.141499	0.427250
9.000000	6.000000	3.018105	1.822674
9.000000	7.000000	1.317360	3.054579
9.000000	8.000000	0.000000	-0.000000
9.000000	9.000000	-0.007532	0.105780
9.000000	10.000000	-0.050000	-0.100000
9.000000	11.000000	-1.502608	-4.170030
9.000000	12.000000	-5.469508	0.270923
9.000000	13.000000	6.809074	3.406173
9.000000	14.000000	5.065131	3.377531
9.000000	15.000000	-0.432273	-2.492589
9.000000	16.000000	8.069554	-4.753395
9.000000	17.000000	-0.375528	-0.004439
9.000000	18.000000	-2.279667	0.211088
9.000000	19.000000	-0.323152	3.190425
9.000000	20.000000	-11.483365	-4.072295
10.000000	1.000000	-0.295359	2.665864
10.000000	2.000000	-0.195181	0.020611
10.000000	3.000000	-1.057035	6.226226
10.000000	4.000000	-16.624064	0.512503
10.000000	5.000000	2.127409	-0.454537
10.000000	6.000000	-3.050487	-1.788996
10.000000	7.000000	-1.347104	-3.063201
10.000000	8.000000	-0.000000	0.000000
10.000000	9.000000	0.021858	-0.089566
10.000000	10.000000	0.050000	0.100000
10.000000	11.000000	1.491930	4.253691
10.000000	12.000000	5.452008	-0.314251
10.000000	13.000000	-6.832916	-3.462137
10.000000	14.000000	-5.020752	-3.261938
10.000000	15.000000	0.446020	2.483819
10.000000	16.000000	-8.036727	4.711613
10.000000	17.000000	0.386731	0.012882
10.000000	18.000000	2.265282	-0.207638
10.000000	19.000000	0.248351	-3.202502
10.000000	20.000000	11.453148	4.009307
11.000000	1.000000	0.245905	-2.357920
11.000000	2.000000	0.174281	-0.029655
11.000000	3.000000	0.895836	-5.537841
11.000000	4.000000	15.094410	-0.481111
11.000000	5.000000	-1.905073	0.437332
11.000000	6.000000	2.784267	1.580198
11.000000	7.000000	1.244984	2.771975
11.000000	8.000000	0.000000	-0.000000
11.000000	9.000000	-0.034044	0.064584
11.000000	10.000000	-0.045106	-0.090211
11.000000	11.000000	-1.335210	-3.920971
11.000000	12.000000	-4.900826	0.326817
11.000000	13.000000	6.187905	3.179204
11.000000	14.000000	4.484907	2.827044
11.000000	15.000000	-0.416108	-2.231915
11.000000	16.000000	7.217210	-4.208626
11.000000	17.000000	-0.360077	-0.020064
11.000000	18.000000	-2.029156	0.183863
11.000000	19.000000	-0.149239	2.901096
11.000000	20.000000	-10.301817	-3.553860
12.000000	1.000000	-0.172381	1.819166
12.000000	2.000000	-0.136322	0.035796
12.000000	3.000000	-0.646945	4.307374
12.000000	4.000000	-12.087210	0.402625
12.000000	5.000000	1.496255	-0.377317
12.000000	6.000000	-2.245503	-1.216719
12.000000	7.000000	-1.020996	-2.209410
12.000000	8.000000	-0.000000	0.000000
12.000000	9.000000	0.042898	-0.033281
12.000000	10.000000	0.035796	0.071592
12.000000	11.000000	1.047792	3.204439
12.000000	12.000000	3.869918	-0.307393
12.000000	13.000000	-4.937178	-2.585068
12.000000	14.000000	-3.510048	-2.115419
12.000000	15.000000	0.345464	1.761535
12.000000	16.000000	-5.691222	3.293669
12.000000	17.000000	0.298177	0.025282
12.000000	18.000000	1.594402	-0.142090
12.000000	19.000000	0.035519	-2.315710
12.000000	20.000000	8.142072	2.750537
13.000000	1.000000	0.081982	-1.102339
13.000000	2.000000	0.085018	-0.038433
13.000000	3.000000	0.334727	-2.655271
13.000000	4.000000	7.896830	-0.284727
13.000000	5.000000	-0.940973	0.280368
13.000000	6.000000	1.486934	0.734140
13.000000	7.000000	0.697066	1.430571
13.000000	8.000000	0.000000	-0.000000
13.000000	9.000000	-0.047553	-0.001280
13.000000	10.000000	-0.022982	-0.045965
13.000000	11.000000	-0.657808	-2.174235
13.000000	12.000000	-2.460195	0.257878
13.000000	13.000000	3.203166	1.737887
13.000000	14.000000	2.191601	1.196722
13.000000	15.000000	-0.241004	-1.118724
13.000000	16.000000	3.608137	-2.056305
13.000000	17.000000	-0.207089	-0.028025
13.000000	18.000000	-1.003577	0.086408
13.000000	19.000000	0.081678	1.503646
13.000000	20.000000	-5.185325	-1.677972
14.000000	1.000000	0.016441	0.277607
14.000000	2.000000	-0.025392	0.037308
14.000000	3.000000	0.010256	0.743251
14.000000	4.000000	-2.933454	0.138957
14.000000	5.000000	0.293582	-0.155974
14.000000	6.000000	-0.582813	-0.179697
14.000000	7.000000	-0.304902	-0.511699
14.000000	8.000000	-0.000000	0.000000
14.000000	9.000000	0.047553	0.035716
14.000000	10.000000	0.007919	0.015838
14.000000	11.000000	0.203433	0.931201
14.000000	12.000000	0.809651	-0.183121
14.000000	13.000000	-1.155606	-0.720590
14.000000	14.000000	-0.658625	-0.160881
14.000000	15.000000	0.112952	0.366405
14.000000	16.000000	-1.171863	0.617655
14.000000	17.000000	0.095730	0.028025
14.000000	18.000000	0.314514	-0.022269
14.000000	19.000000	-0.190880	-0.544395
14.000000	20.000000	1.721002	0.441155
15.000000	1.000000	-0.113255	0.574298
15.000000	2.000000	-0.036719	-0.032532
15.000000	3.000000	-0.354236	1.241523
15.000000	4.000000	-2.317070	0.020414
15.000000	5.000000	0.382546	0.016313
15.000000	6.000000	-0.378358	-0.392335
15.000000	7.000000	-0.117107	-0.457263
15.000000	8.000000	-0.000000	-0.000000
15.000000	9.000000	-0.042898	-0.066656
15.000000	10.000000	0.007919	0.015838
15.000000	11.000000	0.270855	0.402986
15.000000	12.000000	0.920147	0.090439
15.000000	13.000000	-1.005073	-0.367243
15.000000	14.000000	-0.938822	-0.890707
15.000000	15.000000	0.026156	0.421780
15.000000	16.000000	-1.379121	0.881455
15.000000	17.000000	0.025000	-0.025282
15.000000	18.000000	0.405335	-0.044051
15.000000	19.000000	0.281397	-0.468145
15.000000	20.000000	1.911785	0.838845
16.000000	1.000000	0.198983	-1.369987
16.000000	2.000000	0.095236	0.024570
16.000000	3.000000	0.663540	-3.104768
16.000000	4.000000	7.340783	-0.177787
16.000000	5.000000	-1.021229	0.124945
16.000000	6.000000	1.302492	0.925963
16.000000	7.000000	0.527654	1.381464
16.000000	8.000000	0.000000	-0.000000
16.000000	9.000000	0.034044	0.091071
16.000000	10.000000	-0.022982	-0.045965
16.000000	11.000000	-0.718630	-1.697725
16.000000	12.000000	-2.559875	0.011096
16.000000	13.000000	3.067369	1.419128
16.000000	14.000000	2.444370	1.855107
16.000000	15.000000	-0.162704	-1.168679
16.000000	16.000000	3.795108	-2.294282
16.000000	17.000000	-0.143283	0.020064
16.000000	18.000000	-1.085507	0.106058
16.000000	19.000000	-0.344369	1.434860
16.000000	20.000000	-5.357433	-2.036733
17.000000	1.000000	-0.265233	2.031573
17.000000	2.000000	-0.144431	-0.014204
17.000000	3.000000	-0.907892	4.664097
17.000000	4.000000	-11.645928	0.317757
17.000000	5.000000	1.559946	-0.253973
17.000000	6.000000	-2.099129	-1.368951
17.000000	7.000000	-0.886550	-2.170438
17.000000	8.000000	-0.000000	0.000000
17.000000	9.000000	-0.021858	-0.106571
17.000000	10.000000	0.035796	0.071592
17.000000	11.000000	1.096061	2.826279
17.000000	12.000000	3.949024	-0.111545
17.000000	13.000000	-4.829409	-2.332099
17.000000	14.000000	-3.710647	-2.637917
17.000000	15.000000	0.283325	1.801179
17.000000	16.000000	-5.839602	3.482529
17.000000	17.000000	0.247540	-0.012882
17.000000	18.000000	1.659422	-0.157684
17.000000	19.000000	0.373632	-2.261121
17.000000	20.000000	8.278658	3.035251
18.000000	1.000000	0.305520	-2.494294
18.000000	2.000000	0.179488	0.002447
18.000000	3.000000	1.063374	-5.766871
18.000000	4.000000	14.811089	-0.426622
18.000000	5.000000	-1.945965	0.358140
18.000000	6.000000	2.690289	1.677937
18.000000	7.000000	1.158664	2.746954
18.000000	8.000000	0.000000	-0.000000
18.000000	9.000000	0.007532	0.111639
18.000000	10.000000	-0.045106	-0.090211
18.000000	11.000000	-1.366201	-3.678178
18.000000	12.000000	-4.951616	0.201075
18.000000	13.000000	6.118713	3.016788
18.000000	14.000000	4.613699	3.162508
18.000000	15.000000	-0.376212	-2.257368
18.000000	16.000000	7.312476	-4.329882
18.000000	17.000000	-0.327566	0.004439
18.000000	18.000000	-2.070902	0.193875
18.000000	19.000000	-0.366321	2.866048
18.000000	20.000000	-10.389510	-3.736658
19.000000	1.000000	-0.315901	2.712856
19.000000	2.000000	-0.196975	0.009549
19.000000	3.000000	-1.114765	6.305144
19.000000	4.000000	-16.526438	0.493727
19.000000	5.000000	2.141499	-0.427250
19.000000	6.000000	-3.018105	-1.822674
19.000000	7.000000	-1.317360	-3.054579
19.000000	8.000000	-0.000000	0.000000
19.000000	9.000000	0.007532	-0.105780
19.000000	10.000000	0.050000	0.100000
19.000000	11.000000	1.502608	4.170030
19.000000	12.000000	5.469508	-0.270923
19.000000	13.000000	-6.809074	-3.406173
19.000000	14.000000	-5.065131	-3.377531
19.000000	15.000000	0.432273	2.492589
19.000000	16.000000	-8.069554	4.753395
19.000000	17.000000	0.375528	0.004439
19.000000	18.000000	2.279667	-0.211088
19.000000	19.000000	0.323152	-3.190425
19.000000	20.000000	11.483365	4.072295
