0.000000	1.000000	3.799624	6.426236
0.000000	2.000000	12.878531	19.986701
0.000000	3.000000	-10.327203	18.781313
0.000000	4.000000	-3.451995	6.806724
0.000000	5.000000	19.569082	12.689544
0.000000	6.000000	-9.530620	9.879586
0.000000	7.000000	3.967258	5.846136
0.000000	8.000000	8.040550	10.588346
0.000000	9.000000	5.429828	12.537481
0.000000	10.000000	34.321231	15.648518
0.000000	11.000000	-7.720258	19.220366
0.000000	12.000000	4.588918	24.614363
0.000000	13.000000	15.543462	12.616682
0.000000	14.000000	3.438459	6.909141
0.000000	15.000000	3.086369	20.619155
0.000000	16.000000	-1.246912	5.732686
0.000000	17.000000	26.759372	-2.781856
0.000000	18.000000	-7.582970	8.653922
0.000000	19.000000	-17.183820	14.803771
0.000000	20.000000	10.637609	8.195912
1.000000	1.000000	14.269300	14.230519
1.000000	2.000000	16.447503	32.028072
1.000000	3.000000	-2.567381	32.435029
1.000000	4.000000	-3.260404	6.417941
1.000000	5.000000	27.695907	25.708909
1.000000	6.000000	-11.303401	15.244378
1.000000	7.000000	20.837912	14.890761
1.000000	8.000000	5.306044	23.820147
1.000000	9.000000	1.488729	27.358857
1.000000	10.000000	27.643366	32.992228
1.000000	11.000000	-9.622663	37.198752
1.000000	12.000000	0.326989	43.835563
1.000000	13.000000	22.501337	26.606405
1.000000	14.000000	8.902874	12.915321
1.000000	15.000000	24.376953	22.484146
1.000000	16.000000	-9.842205	18.475541
1.000000	17.000000	30.422492	-13.777034
1.000000	18.000000	-11.680885	13.548729
1.000000	19.000000	-36.789294	29.712735
1.000000	20.000000	28.723735	19.438770
2.000000	1.000000	23.342198	20.641820
2.000000	2.000000	18.406479	40.934312
2.000000	3.000000	5.443754	42.913778
2.000000	4.000000	-2.749662	5.400926
2.000000	5.000000	33.111664	36.211707
2.000000	6.000000	-11.969726	19.116944
2.000000	7.000000	35.668807	22.477774
2.000000	8.000000	2.052145	34.720266
2.000000	9.000000	-2.598098	39.502159
2.000000	10.000000	18.259575	47.106429
2.000000	11.000000	-10.583134	51.535865
2.000000	12.000000	-3.966948	58.765833
2.000000	13.000000	27.256624	37.991708
2.000000	14.000000	13.495813	17.657260
2.000000	15.000000	43.281352	22.148232
2.000000	16.000000	-17.474075	29.409882
2.000000	17.000000	31.107647	-23.423620
2.000000	18.000000	-14.635394	17.117291
2.000000	19.000000	-52.793576	41.713209
2.000000	20.000000	43.998181	28.778827
3.000000	1.000000	30.130199	25.032556
3.000000	2.000000	18.563700	45.833616
3.000000	3.000000	12.922016	49.191828
3.000000	4.000000	-1.969764	3.855230
3.000000	5.000000	35.286221	43.169851
3.000000	6.000000	-11.464371	21.118210
3.000000	7.000000	47.008190	27.864506
3.000000	8.000000	-1.402633	42.221724
3.000000	9.000000	-6.430605	47.778713
3.000000	10.000000	7.088409	56.609524
3.000000	11.000000	-10.507654	60.828288
3.000000	12.000000	-7.872572	67.943693
3.000000	13.000000	29.343843	45.658117
3.000000	14.000000	16.767687	20.670783
3.000000	15.000000	57.949070	19.644295
3.000000	16.000000	-23.395460	37.465378
3.000000	17.000000	28.747768	-30.777339
3.000000	18.000000	-16.157288	19.010294
3.000000	19.000000	-63.630054	49.630504
3.000000	20.000000	54.965779	35.301811
4.000000	1.000000	33.968846	26.972931
4.000000	2.000000	16.903777	46.246407
4.000000	3.000000	19.135382	50.654638
4.000000	4.000000	-0.997052	1.932158
4.000000	5.000000	34.006716	45.902229
4.000000	6.000000	-9.836804	21.052279
4.000000	7.000000	53.746084	30.523666
4.000000	8.000000	-4.720111	45.590225
4.000000	9.000000	-9.633639	51.378355
4.000000	10.000000	-4.776619	60.571285
4.000000	11.000000	-9.403612	64.166414
4.000000	12.000000	-11.007574	70.470752
4.000000	13.000000	28.558682	48.855192
4.000000	14.000000	18.398224	21.660905
4.000000	15.000000	66.944329	15.217438
4.000000	16.000000	-27.026735	41.853502
4.000000	17.000000	23.573858	-35.118358
4.000000	18.000000	-16.097595	19.042437
4.000000	19.000000	-68.237980	52.689619
4.000000	20.000000	60.552943	38.369208
5.000000	1.000000	34.482386	26.273008
5.000000	2.000000	13.589194	42.132277
5.000000	3.000000	23.475643	47.159020
5.000000	4.000000	0.073259	-0.180047
5.000000	5.000000	29.398397	44.141377
5.000000	6.000000	-7.246341	18.925604
5.000000	7.000000	55.222937	30.194957
5.000000	8.000000	-7.575551	44.496037
5.000000	9.000000	-11.893666	49.948725
5.000000	10.000000	-16.174078	58.603907
5.000000	11.000000	-7.379079	61.223485
5.000000	12.000000	-13.065078	66.099642
5.000000	13.000000	24.977998	47.269980
5.000000	14.000000	18.227814	20.530707
5.000000	15.000000	69.386611	9.300991
5.000000	16.000000	-28.012445	42.144714
5.000000	17.000000	16.092375	-36.021747
5.000000	18.000000	-14.462156	17.210573
5.000000	19.000000	-66.166297	50.591107
5.000000	20.000000	60.212763	37.680760
6.000000	1.000000	31.620550	23.001299
6.000000	2.000000	8.944407	33.893947
6.000000	3.000000	25.517944	39.047149
6.000000	4.000000	1.136399	-2.274629
6.000000	5.000000	21.912359	38.059660
6.000000	6.000000	-3.946556	14.946359
6.000000	7.000000	51.294184	26.910555
6.000000	8.000000	-9.689444	39.046267
6.000000	9.000000	-12.989457	43.629766
6.000000	10.000000	-25.988306	50.899970
6.000000	11.000000	-4.632230	52.287575
6.000000	12.000000	-13.843682	55.258239
6.000000	13.000000	18.952294	41.057654
6.000000	14.000000	16.273139	17.390821
6.000000	15.000000	65.036848	2.474099
6.000000	16.000000	-26.256101	38.310508
6.000000	17.000000	7.035657	-33.399076
6.000000	18.000000	-11.411061	13.694019
6.000000	19.000000	-57.617795	43.540385
6.000000	20.000000	53.978539	33.303856
7.000000	1.000000	25.663474	17.478063
7.000000	2.000000	3.424078	22.337840
7.000000	3.000000	25.062372	27.113070
7.000000	4.000000	2.088300	-4.146553
7.000000	5.000000	12.281385	28.252397
7.000000	6.000000	-0.260455	9.504060
7.000000	7.000000	42.344399	20.991960
7.000000	8.000000	-10.854866	29.774377
7.000000	9.000000	-12.813751	33.040021
7.000000	10.000000	-33.258618	38.213589
7.000000	11.000000	-1.431947	38.233392
7.000000	12.000000	-13.267169	39.007774
7.000000	13.000000	11.071407	30.826318
7.000000	14.000000	12.725536	12.548600
7.000000	15.000000	54.320825	-4.594975
7.000000	16.000000	-21.929627	30.726202
7.000000	17.000000	-2.709759	-27.507071
7.000000	18.000000	-7.242972	8.836999
7.000000	19.000000	-43.429262	32.227627
7.000000	20.000000	42.460519	25.666939
8.000000	1.000000	17.194278	10.243953
8.000000	2.000000	-2.431423	8.595151
8.000000	3.000000	22.153520	12.524975
8.000000	4.000000	2.835783	-5.612584
8.000000	5.000000	1.448225	15.679594
8.000000	6.000000	3.451141	3.131438
8.000000	7.000000	29.249649	13.018527
8.000000	8.000000	-10.957739	17.587963
8.000000	9.000000	-11.383744	19.216089
8.000000	10.000000	-37.273344	21.786595
8.000000	11.000000	1.908506	20.436659
8.000000	12.000000	-11.391973	18.938957
8.000000	13.000000	2.106774	17.577487
8.000000	14.000000	7.932268	6.478034
8.000000	15.000000	38.287502	-11.214261
8.000000	16.000000	-15.456529	20.134201
8.000000	17.000000	-12.189926	-18.922483
8.000000	18.000000	-2.365890	3.114951
8.000000	19.000000	-24.989571	17.760204
8.000000	20.000000	26.786168	15.517563
9.000000	1.000000	7.041986	2.007093
9.000000	2.000000	-8.048919	-5.988892
9.000000	3.000000	17.076127	-3.289151
9.000000	4.000000	3.305681	-6.529216
9.000000	5.000000	-9.526698	1.571962
9.000000	6.000000	6.824916	-3.547711
9.000000	7.000000	13.291740	3.770749
9.000000	8.000000	-9.987992	3.679917
9.000000	9.000000	-8.839418	3.511152
9.000000	10.000000	-37.639496	3.226978
9.000000	11.000000	5.062141	0.639443
9.000000	12.000000	-8.401651	-2.983737
9.000000	13.000000	-7.064085	2.608050
9.000000	14.000000	2.362535	-0.226646
9.000000	15.000000	18.506331	-16.735817
9.000000	16.000000	-7.470438	7.571325
9.000000	17.000000	-20.476857	-8.485630
9.000000	18.000000	2.742781	-2.912009
9.000000	19.000000	-4.103726	1.554289
9.000000	20.000000	8.489799	3.849220
10.000000	1.000000	-3.799624	-6.426236
10.000000	2.000000	-12.878531	-19.986701
10.000000	3.000000	10.327203	-18.781313
10.000000	4.000000	3.451995	-6.806724
10.000000	5.000000	-19.569082	-12.689544
10.000000	6.000000	9.530620	-9.879586
10.000000	7.000000	-3.967258	-5.846136
10.000000	8.000000	-8.040550	-10.588346
10.000000	9.000000	-5.429828	-12.537481
10.000000	10.000000	-34.321231	-15.648518
10.000000	11.000000	7.720258	-19.220366
10.000000	12.000000	-4.588918	-24.614363
10.000000	13.000000	-15.543462	-12.616682
10.000000	14.000000	-3.438459	-6.909141
10.000000	15.000000	-3.086369	-20.619155
10.000000	16.000000	1.246912	-5.732686
10.000000	17.000000	-26.759372	2.781856
10.000000	18.000000	7.582970	-8.653922
10.000000	19.000000	17.183820	-14.803771
10.000000	20.000000	-10.637609	-8.195912
11.000000	1.000000	-14.269300	-14.230519
11.000000	2.000000	-16.447503	-32.028072
11.000000	3.000000	2.567381	-32.435029
11.000000	4.000000	3.260404	-6.417941
11.000000	5.000000	-27.695907	-25.708909
11.000000	6.000000	11.303401	-15.244378
11.000000	7.000000	-20.837912	-14.890761
11.000000	8.000000	-5.306044	-23.820147
11.000000	9.000000	-1.488729	-27.358857
11.000000	10.000000	-27.643366	-32.992228
11.000000	11.000000	9.622663	-37.198752
11.000000	12.000000	-0.326989	-43.835563
11.000000	13.000000	-22.501337	-26.606405
11.000000	14.000000	-8.902874	-12.915321
11.000000	15.000000	-24.376953	-22.484146
11.000000	16.000000	9.842205	-18.475541
11.000000	17.000000	-30.422492	13.777034
11.000000	18.000000	11.680885	-13.548729
11.000000	19.000000	36.789294	-29.712735
11.000000	20.000000	-28.723735	-19.438770
12.000000	1.000000	-23.342198	-20.641820
12.000000	2.000000	-18.406479	-40.934312
12.000000	3.000000	-5.443754	-42.913778
12.000000	4.000000	2.749662	-5.400926
12.000000	5.000000	-33.111664	-36.211707
12.000000	6.000000	11.969726	-19.116944
12.000000	7.000000	-35.668807	-22.477774
12.000000	8.000000	-2.052145	-34.720266
12.000000	9.000000	2.598098	-39.502159
12.000000	10.000000	-18.259575	-47.106429
12.000000	11.000000	10.583134	-51.535865
12.000000	12.000000	3.966948	-58.765833
12.000000	13.000000	-27.256624	-37.991708
12.000000	14.000000	-13.495813	-17.657260
12.000000	15.000000	-43.281352	-22.148232
12.000000	16.000000	17.474075	-29.409882
12.000000	17.000000	-31.107647	23.423620
12.000000	18.000000	14.635394	-17.117291
12.000000	19.000000	52.793576	-41.713209
12.000000	20.000000	-43.998181	-28.778827
13.000000	1.000000	-30.130199	-25.032556
13.000000	2.000000	-18.563700	-45.833616
13.000000	3.000000	-12.922016	-49.191828
13.000000	4.000000	1.969764	-3.855230
13.000000	5.000000	-35.286221	-43.169851
13.000000	6.000000	11.464371	-21.118210
13.000000	7.000000	-47.008190	-27.864506
13.000000	8.000000	1.402633	-42.221724
13.000000	9.000000	6.430605	-47.778713
13.000000	10.000000	-7.088409	-56.609524
13.000000	11.000000	10.507654	-60.828288
13.000000	12.000000	7.872572	-67.943693
13.000000	13.000000	-29.343843	-45.658117
13.000000	14.000000	-16.767687	-20.670783
13.000000	15.000000	-57.949070	-19.644295
13.000000	16.000000	23.395460	-37.465378
13.000000	17.000000	-28.747768	30.777339
13.000000	18.000000	16.157288	-19.010294
13.000000	19.000000	63.630054	-49.630504
13.000000	20.000000	-54.965779	-35.301811
14.000000	1.000000	-33.968846	-26.972931
14.000000	2.000000	-16.903777	-46.246407
14.000000	3.000000	-19.135382	-50.654638
14.000000	4.000000	0.997052	-1.932158
14.000000	5.000000	-34.006716	-45.902229
14.000000	6.000000	9.836804	-21.052279
14.000000	7.000000	-53.746084	-30.523666
14.000000	8.000000	4.720111	-45.590225
14.000000	9.000000	9.633639	-51.378355
14.000000	10.000000	4.776619	-60.571285
14.000000	11.000000	9.403612	-64.166414
14.000000	12.000000	11.007574	-70.470752
14.000000	13.000000	-28.558682	-48.855192
14.000000	14.000000	-18.398224	-21.660905
14.000000	15.000000	-66.944329	-15.217438
14.000000	16.000000	27.026735	-41.853502
14.000000	17.000000	-23.573858	35.118358
14.000000	18.000000	16.097595	-19.042437
14.000000	19.000000	68.237980	-52.689619
14.000000	20.000000	-60.552943	-38.369208
15.000000	1.000000	-34.482386	-26.273008
15.000000	2.000000	-13.589194	-42.132277
15.000000	3.000000	-23.475643	-47.159020
15.000000	4.000000	-0.073259	0.180047
15.000000	5.000000	-29.398397	-44.141377
15.000000	6.000000	7.246341	-18.925604
15.000000	7.000000	-55.222937	-30.194957
15.000000	8.000000	7.575551	-44.496037
15.000000	9.000000	11.893666	-49.948725
15.000000	10.000000	16.174078	-58.603907
15.000000	11.000000	7.379079	-61.223485
15.000000	12.000000	13.065078	-66.099642
15.000000	13.000000	-24.977998	-47.269980
15.000000	14.000000	-18.227814	-20.530707
15.000000	15.000000	-69.386611	-9.300991
15.000000	16.000000	28.012445	-42.144714
15.000000	17.000000	-16.092375	36.021747
15.000000	18.000000	14.462156	-17.210573
15.000000	19.000000	66.166297	-50.591107
15.000000	20.000000	-60.212763	-37.680760
16.000000	1.000000	-31.620550	-23.001299
16.000000	2.000000	-8.944407	-33.893947
16.000000	3.000000	-25.517944	-39.047149
16.000000	4.000000	-1.136399	2.274629
16.000000	5.000000	-21.912359	-38.059660
16.000000	6.000000	3.946556	-14.946359
16.000000	7.000000	-51.294184	-26.910555
16.000000	8.000000	9.689444	-39.046267
16.000000	9.000000	12.989457	-43.629766
16.000000	10.000000	25.988306	-50.899970
16.000000	11.000000	4.632230	-52.287575
16.000000	12.000000	13.843682	-55.258239
16.000000	13.000000	-18.952294	-41.057654
16.000000	14.000000	-16.273139	-17.390821
16.000000	15.000000	-65.036848	-2.474099
16.000000	16.000000	26.256101	-38.310508
16.000000	17.000000	-7.035657	33.399076
16.000000	18.000000	11.411061	-13.694019
16.000000	19.000000	57.617795	-43.540385
16.000000	20.000000	-53.978539	-33.303856
17.000000	1.000000	-25.663474	-17.478063
17.000000	2.000000	-3.424078	-22.337840
17.000000	3.000000	-25.062372	-27.113070
17.000000	4.000000	-2.088300	4.146553
17.000000	5.000000	-12.281385	-28.252397
17.000000	6.000000	0.260455	-9.504060
17.000000	7.000000	-42.344399	-20.991960
17.000000	8.000000	10.854866	-29.774377
17.000000	9.000000	12.813751	-33.040021
17.000000	10.000000	33.258618	-38.213589
17.000000	11.000000	1.431947	-38.233392
17.000000	12.000000	13.267169	-39.007774
17.000000	13.000000	-11.071407	-30.826318
17.000000	14.000000	-12.725536	-12.548600
17.000000	15.000000	-54.320825	4.594975
17.000000	16.000000	21.929627	-30.726202
17.000000	17.000000	2.709759	27.507071
17.000000	18.000000	7.242972	-8.836999
17.000000	19.000000	43.429262	-32.227627
17.000000	20.000000	-42.460519	-25.666939
18.000000	1.000000	-17.194278	-10.243953
18.000000	2.000000	2.431423	-8.595151
18.000000	3.000000	-22.153520	-12.524975
18.000000	4.000000	-2.835783	5.612584
18.000000	5.000000	-1.448225	-15.679594
18.000000	6.000000	-3.451141	-3.131438
18.000000	7.000000	-29.249649	-13.018527
18.000000	8.000000	10.957739	-17.587963
18.000000	9.000000	11.383744	-19.216089
18.000000	10.000000	37.273344	-21.786595
18.000000	11.000000	-1.908506	-20.436659
18.000000	12.000000	11.391973	-18.938957
18.000000	13.000000	-2.106774	-17.577487
18.000000	14.000000	-7.932268	-6.478034
18.000000	15.000000	-38.287502	11.214261
18.000000	16.000000	15.456529	-20.134201
18.000000	17.000000	12.189926	18.922483
18.000000	18.000000	2.365890	-3.114951
18.000000	19.000000	24.989571	-17.760204
18.000000	20.000000	-26.786168	-15.517563
19.000000	1.000000	-7.041986	-2.007093
19.000000	2.000000	8.048919	5.988892
19.000000	3.000000	-17.076127	3.289151
19.000000	4.000000	-3.305681	6.529216
19.000000	5.000000	9.526698	-1.571962
19.000000	6.000000	-6.824916	3.547711
19.000000	7.000000	-13.291740	-3.770749
19.000000	8.000000	9.987992	-3.679917
19.000000	9.000000	8.839418	-3.511152
19.000000	10.000000	37.639496	-3.226978
19.000000	11.000000	-5.062141	-0.639443
19.000000	12.000000	8.401651	2.983737
19.000000	13.000000	7.064085	-2.608050
19.000000	14.000000	-2.362535	0.226646
19.000000	15.000000	-18.506331	16.735817
19.000000	16.000000	7.470438	-7.571325
19.000000	17.000000	20.476857	8.485630
19.000000	18.000000	-2.742781	2.912009
19.000000	19.000000	4.103726	-1.554289
19.000000	20.000000	-8.489799	-3.849220
