0.000000	1.000000	1.975060	6.775228
0.000000	2.000000	15.631370	3.154228
0.000000	3.000000	15.651169	5.406328
0.000000	4.000000	4.808974	7.438487
0.000000	5.000000	4.251222	4.987214
0.000000	6.000000	4.875359	7.525445
0.000000	7.000000	8.638832	8.373623
0.000000	8.000000	10.706010	7.853976
0.000000	9.000000	1.971702	-0.869334
0.000000	10.000000	-2.902771	-1.458489
0.000000	11.000000	4.041562	6.663884
0.000000	12.000000	-0.387662	7.951365
0.000000	13.000000	2.698024	8.096402
0.000000	14.000000	5.309189	4.796182
0.000000	15.000000	1.231724	9.204146
0.000000	16.000000	2.111077	11.107190
0.000000	17.000000	-0.841942	1.031723
0.000000	18.000000	4.761615	7.002539
0.000000	19.000000	-0.435542	3.527350
0.000000	20.000000	8.391713	5.366774
1.000000	1.000000	3.050580	10.954154
1.000000	2.000000	33.287268	6.545254
1.000000	3.000000	34.089317	9.073781
1.000000	4.000000	9.064099	14.352937
1.000000	5.000000	12.335247	9.194102
1.000000	6.000000	10.187416	14.169916
1.000000	7.000000	16.578881	16.212463
1.000000	8.000000	18.765047	15.003214
1.000000	9.000000	2.636772	-1.645439
1.000000	10.000000	-7.430359	-3.630058
1.000000	11.000000	8.319056	12.092834
1.000000	12.000000	1.930502	14.957568
1.000000	13.000000	7.391151	15.281841
1.000000	14.000000	12.897644	9.542440
1.000000	15.000000	3.046553	15.483255
1.000000	16.000000	5.947495	18.089613
1.000000	17.000000	-1.531356	-0.307897
1.000000	18.000000	8.622466	14.341720
1.000000	19.000000	1.051117	5.487468
1.000000	20.000000	18.955887	9.920187
2.000000	1.000000	1.611112	6.102152
2.000000	2.000000	23.500161	4.540179
2.000000	3.000000	24.423227	5.260542
2.000000	4.000000	5.846513	9.434403
2.000000	5.000000	10.249730	5.821101
2.000000	6.000000	7.100667	9.132290
2.000000	7.000000	10.850812	10.685270
2.000000	8.000000	11.353626	9.783360
2.000000	9.000000	1.128009	-1.064995
2.000000	10.000000	-5.832140	-2.808899
2.000000	11.000000	5.738075	7.552095
2.000000	12.000000	2.657103	9.632311
2.000000	13.000000	5.990795	9.868479
2.000000	14.000000	9.852901	6.421629
2.000000	15.000000	2.349714	8.997512
2.000000	16.000000	4.880622	10.158426
2.000000	17.000000	-0.958275	-1.393677
2.000000	18.000000	5.374702	9.857164
2.000000	19.000000	1.671204	2.923556
2.000000	20.000000	13.892268	6.295105
3.000000	1.000000	-1.156604	-3.780644
3.000000	2.000000	-5.661172	-1.207953
3.000000	3.000000	-5.378092	-2.889644
3.000000	4.000000	-2.191111	-3.262131
3.000000	5.000000	-0.285967	-2.350987
3.000000	6.000000	-1.840081	-3.434265
3.000000	7.000000	-3.822987	-3.651175
3.000000	8.000000	-5.418059	-3.502185
3.000000	9.000000	-1.310718	0.393462
3.000000	10.000000	0.574267	0.327998
3.000000	11.000000	-1.573544	-3.214814
3.000000	12.000000	1.193110	-3.634107
3.000000	13.000000	-0.348549	-3.680748
3.000000	14.000000	-1.314864	-1.993362
3.000000	15.000000	-0.284299	-4.906046
3.000000	16.000000	-0.209979	-6.147668
3.000000	17.000000	0.404836	-1.330469
3.000000	18.000000	-2.304125	-2.753929
3.000000	19.000000	0.913501	-2.050622
3.000000	20.000000	-2.624546	-2.519847
4.000000	1.000000	-2.970782	-10.546565
4.000000	2.000000	-30.155268	-5.960213
4.000000	3.000000	-30.745554	-8.657522
4.000000	4.000000	-8.422318	-13.269268
4.000000	5.000000	-10.585904	-8.584852
4.000000	6.000000	-9.263812	-13.169511
4.000000	7.000000	-15.345003	-14.977484
4.000000	8.000000	-17.722936	-13.900425
4.000000	9.000000	-2.668850	1.527537
4.000000	10.000000	6.507231	3.194485
4.000000	11.000000	-7.587887	-11.331335
4.000000	12.000000	-1.254518	-13.904461
4.000000	13.000000	-6.400539	-14.195458
4.000000	14.000000	-11.398617	-8.764967
4.000000	15.000000	-2.683927	-14.764914
4.000000	16.000000	-5.127468	-17.385443
4.000000	17.000000	1.434188	-0.170383
4.000000	18.000000	-8.083363	-13.094602
4.000000	19.000000	-0.597319	-5.334207
4.000000	20.000000	-16.977607	-9.257363
5.000000	1.000000	-2.335759	-8.617588
5.000000	2.000000	-29.788472	-5.798698
5.000000	3.000000	-30.765474	-7.287883
5.000000	4.000000	-7.709919	-12.336829
5.000000	5.000000	-12.158510	-7.741112
5.000000	6.000000	-9.050183	-12.047423
5.000000	7.000000	-14.216145	-13.955913
5.000000	8.000000	-15.416502	-12.838745
5.000000	9.000000	-1.826704	1.402266
5.000000	10.000000	7.075442	3.427343
5.000000	11.000000	-7.346552	-10.105969
5.000000	12.000000	-2.667885	-12.711567
5.000000	13.000000	-7.175736	-13.007013
5.000000	14.000000	-12.085014	-8.310475
5.000000	15.000000	-2.870847	-12.451152
5.000000	16.000000	-5.817721	-14.290146
5.000000	17.000000	1.281153	1.130172
5.000000	18.000000	-7.198438	-12.639698
5.000000	19.000000	-1.615691	-4.220114
5.000000	20.000000	-17.333828	-8.362836
6.000000	1.000000	0.224932	0.415984
6.000000	2.000000	-4.863181	-0.856565
6.000000	3.000000	-5.421430	0.090101
6.000000	4.000000	-0.641234	-1.233544
6.000000	5.000000	-3.707282	-0.515371
6.000000	6.000000	-1.375316	-0.993084
6.000000	7.000000	-1.367078	-1.428676
6.000000	8.000000	-0.400249	-1.192425
6.000000	9.000000	0.521431	0.120925
6.000000	10.000000	1.810450	0.834599
6.000000	11.000000	-1.048503	-0.548944
6.000000	12.000000	-1.881769	-1.038882
6.000000	13.000000	-2.035045	-1.095203
6.000000	14.000000	-2.808169	-1.004582
6.000000	15.000000	-0.690956	0.127707
6.000000	16.000000	-1.711673	0.586369
6.000000	17.000000	0.071898	1.498980
6.000000	18.000000	-0.378908	-1.764255
6.000000	19.000000	-1.302040	0.373165
6.000000	20.000000	-3.399530	-0.573740
7.000000	1.000000	2.600183	9.106606
7.000000	2.000000	24.071460	4.791745
7.000000	3.000000	24.392201	7.393803
7.000000	4.000000	6.956102	10.886711
7.000000	5.000000	7.800339	7.135257
7.000000	6.000000	7.433402	10.879982
7.000000	7.000000	12.609048	12.276403
7.000000	8.000000	14.945981	11.436966
7.000000	9.000000	2.439683	-1.260110
7.000000	10.000000	-4.947131	-2.446213
7.000000	11.000000	6.113963	9.460647
7.000000	12.000000	0.455733	11.490287
7.000000	13.000000	4.783397	11.719524
7.000000	14.000000	8.783813	7.129518
7.000000	15.000000	2.058580	12.601281
7.000000	16.000000	3.805529	14.979463
7.000000	17.000000	-1.196632	0.631984
7.000000	18.000000	6.753005	10.565692
7.000000	19.000000	0.085051	4.658796
7.000000	20.000000	13.337441	7.688363
8.000000	1.000000	2.831766	10.289473
8.000000	2.000000	33.160879	6.489599
8.000000	3.000000	34.096181	8.601836
8.000000	4.000000	8.818623	14.031641
8.000000	5.000000	12.877130	8.903369
8.000000	6.000000	10.113804	13.783271
8.000000	7.000000	16.189904	15.860454
8.000000	8.000000	17.970303	14.637384
8.000000	9.000000	2.346588	-1.602273
8.000000	10.000000	-7.626151	-3.710295
8.000000	11.000000	8.235897	11.670601
8.000000	12.000000	2.417515	14.546525
8.000000	13.000000	7.658265	14.872331
8.000000	14.000000	13.134161	9.385833
8.000000	15.000000	3.110962	14.685987
8.000000	16.000000	6.185340	17.023047
8.000000	17.000000	-1.478624	-0.756038
8.000000	18.000000	8.317542	14.184971
8.000000	19.000000	1.402024	5.103578
8.000000	20.000000	19.078632	9.611954
9.000000	1.000000	0.728758	2.989396
9.000000	2.000000	14.911491	2.837236
9.000000	3.000000	15.690264	2.718262
9.000000	4.000000	3.410811	5.608472
9.000000	5.000000	7.337635	3.331280
9.000000	6.000000	4.456088	5.323224
9.000000	7.000000	6.423325	6.368679
9.000000	8.000000	6.179377	5.770311
9.000000	9.000000	0.318897	-0.623475
9.000000	10.000000	-4.017947	-1.915501
9.000000	11.000000	3.567915	4.258968
9.000000	12.000000	2.386226	5.610178
9.000000	13.000000	4.219434	5.763949
9.000000	14.000000	6.656319	3.904190
9.000000	15.000000	1.598575	4.663132
9.000000	16.000000	3.465775	5.032328
9.000000	17.000000	-0.541594	-1.520760
9.000000	18.000000	3.024852	6.109741
9.000000	19.000000	1.563127	1.340820
9.000000	20.000000	9.090836	3.611166
10.000000	1.000000	-1.975060	-6.775228
10.000000	2.000000	-15.631370	-3.154228
10.000000	3.000000	-15.651169	-5.406328
10.000000	4.000000	-4.808974	-7.438487
10.000000	5.000000	-4.251222	-4.987214
10.000000	6.000000	-4.875359	-7.525445
10.000000	7.000000	-8.638832	-8.373623
10.000000	8.000000	-10.706010	-7.853976
10.000000	9.000000	-1.971702	0.869334
10.000000	10.000000	2.902771	1.458489
10.000000	11.000000	-4.041562	-6.663884
10.000000	12.000000	0.387662	-7.951365
10.000000	13.000000	-2.698024	-8.096402
10.000000	14.000000	-5.309189	-4.796182
10.000000	15.000000	-1.231724	-9.204146
10.000000	16.000000	-2.111077	-11.107190
10.000000	17.000000	0.841942	-1.031723
10.000000	18.000000	-4.761615	-7.002539
10.000000	19.000000	0.435542	-3.527350
10.000000	20.000000	-8.391713	-5.366774
11.000000	1.000000	-3.050580	-10.954154
11.000000	2.000000	-33.287268	-6.545254
11.000000	3.000000	-34.089317	-9.073781
11.000000	4.000000	-9.064099	-14.352937
11.000000	5.000000	-12.335247	-9.194102
11.000000	6.000000	-10.187416	-14.169916
11.000000	7.000000	-16.578881	-16.212463
11.000000	8.000000	-18.765047	-15.003214
11.000000	9.000000	-2.636772	1.645439
11.000000	10.000000	7.430359	3.630058
11.000000	11.000000	-8.319056	-12.092834
11.000000	12.000000	-1.930502	-14.957568
11.000000	13.000000	-7.391151	-15.281841
11.000000	14.000000	-12.897644	-9.542440
11.000000	15.000000	-3.046553	-15.483255
11.000000	16.000000	-5.947495	-18.089613
11.000000	17.000000	1.531356	0.307897
11.000000	18.000000	-8.622466	-14.341720
11.000000	19.000000	-1.051117	-5.487468
11.000000	20.000000	-18.955887	-9.920187
12.000000	1.000000	-1.611112	-6.102152
12.000000	2.000000	-23.500161	-4.540179
12.000000	3.000000	-24.423227	-5.260542
12.000000	4.000000	-5.846513	-9.434403
12.000000	5.000000	-10.249730	-5.821101
12.000000	6.000000	-7.100667	-9.132290
12.000000	7.000000	-10.850812	-10.685270
12.000000	8.000000	-11.353626	-9.783360
12.000000	9.000000	-1.128009	1.064995
12.000000	10.000000	5.832140	2.808899
12.000000	11.000000	-5.738075	-7.552095
12.000000	12.000000	-2.657103	-9.632311
12.000000	13.000000	-5.990795	-9.868479
12.000000	14.000000	-9.852901	-6.421629
12.000000	15.000000	-2.349714	-8.997512
12.000000	16.000000	-4.880622	-10.158426
12.000000	17.000000	0.958275	1.393677
12.000000	18.000000	-5.374702	-9.857164
12.000000	19.000000	-1.671204	-2.923556
12.000000	20.000000	-13.892268	-6.295105
13.000000	1.000000	1.156604	3.780644
13.000000	2.000000	5.661172	1.207953
13.000000	3.000000	5.378092	2.889644
13.000000	4.000000	2.191111	3.262131
13.000000	5.000000	0.285967	2.350987
13.000000	6.000000	1.840081	3.434265
13.000000	7.000000	3.822987	3.651175
13.000000	8.000000	5.418059	3.502185
13.000000	9.000000	1.310718	-0.393462
13.000000	10.000000	-0.574267	-0.327998
13.000000	11.000000	1.573544	3.214814
13.000000	12.000000	-1.193110	3.634107
13.000000	13.000000	0.348549	3.680748
13.000000	14.000000	1.314864	1.993362
13.000000	15.000000	0.284299	4.906046
13.000000	16.000000	0.209979	6.147668
13.000000	17.000000	-0.404836	1.330469
13.000000	18.000000	2.304125	2.753929
13.000000	19.000000	-0.913501	2.050622
13.000000	20.000000	2.624546	2.519847
14.000000	1.000000	2.970782	10.546565
14.000000	2.000000	30.155268	5.960213
14.000000	3.000000	30.745554	8.657522
14.000000	4.000000	8.422318	13.269268
14.000000	5.000000	10.585904	8.584852
14.000000	6.000000	9.263812	13.169511
14.000000	7.000000	15.345003	14.977484
14.000000	8.000000	17.722936	13.900425
14.000000	9.000000	2.668850	-1.527537
14.000000	10.000000	-6.507231	-3.194485
14.000000	11.000000	7.587887	11.331335
14.000000	12.000000	1.254518	13.904461
14.000000	13.000000	6.400539	14.195458
14.000000	14.000000	11.398617	8.764967
14.000000	15.000000	2.683927	14.764914
14.000000	16.000000	5.127468	17.385443
14.000000	17.000000	-1.434188	0.170383
14.000000	18.000000	8.083363	13.094602
14.000000	19.000000	0.597319	5.334207
14.000000	20.000000	16.977607	9.257363
15.000000	1.000000	2.335759	8.617588
15.000000	2.000000	29.788472	5.798698
15.000000	3.000000	30.765474	7.287883
15.000000	4.000000	7.709919	12.336829
15.000000	5.000000	12.158510	7.741112
15.000000	6.000000	9.050183	12.047423
15.000000	7.000000	14.216145	13.955913
15.000000	8.000000	15.416502	12.838745
15.000000	9.000000	1.826704	-1.402266
15.000000	10.000000	-7.075442	-3.427343
15.000000	11.000000	7.346552	10.105969
15.000000	12.000000	2.667885	12.711567
15.000000	13.000000	7.175736	13.007013
15.000000	14.000000	12.085014	8.310475
15.000000	15.000000	2.870847	12.451152
15.000000	16.000000	5.817721	14.290146
15.000000	17.000000	-1.281153	-1.130172
15.000000	18.000000	7.198438	12.639698
15.000000	19.000000	1.615691	4.220114
15.000000	20.000000	17.333828	8.362836
16.000000	1.000000	-0.224932	-0.415984
16.000000	2.000000	4.863181	0.856565
16.000000	3.000000	5.421430	-0.090101
16.000000	4.000000	0.641234	1.233544
16.000000	5.000000	3.707282	0.515371
16.000000	6.000000	1.375316	0.993084
16.000000	7.000000	1.367078	1.428676
16.000000	8.000000	0.400249	1.192425
16.000000	9.000000	-0.521431	-0.120925
16.000000	10.000000	-1.810450	-0.834599
16.000000	11.000000	1.048503	0.548944
16.000000	12.000000	1.881769	1.038882
16.000000	13.000000	2.035045	1.095203
16.000000	14.000000	2.808169	1.004582
16.000000	15.000000	0.690956	-0.127707
16.000000	16.000000	1.711673	-0.586369
16.000000	17.000000	-0.071898	-1.498980
16.000000	18.000000	0.378908	1.764255
16.000000	19.000000	1.302040	-0.373165
16.000000	20.000000	3.399530	0.573740
17.000000	1.000000	-2.600183	-9.106606
17.000000	2.000000	-24.071460	-4.791745
17.000000	3.000000	-24.392201	-7.393803
17.000000	4.000000	-6.956102	-10.886711
17.000000	5.000000	-7.800339	-7.135257
17.000000	6.000000	-7.433402	-10.879982
17.000000	7.000000	-12.609048	-12.276403
17.000000	8.000000	-14.945981	-11.436966
17.000000	9.000000	-2.439683	1.260110
17.000000	10.000000	4.947131	2.446213
17.000000	11.000000	-6.113963	-9.460647
17.000000	12.000000	-0.455733	-11.490287
17.000000	13.000000	-4.783397	-11.719524
17.000000	14.000000	-8.783813	-7.129518
17.000000	15.000000	-2.058580	-12.601281
17.000000	16.000000	-3.805529	-14.979463
17.000000	17.000000	1.196632	-0.631984
17.000000	18.000000	-6.753005	-10.565692
17.000000	19.000000	-0.085051	-4.658796
17.000000	20.000000	-13.337441	-7.688363
18.000000	1.000000	-2.831766	-10.289473
18.000000	2.000000	-33.160879	-6.489599
18.000000	3.000000	-34.096181	-8.601836
18.000000	4.000000	-8.818623	-14.031641
18.000000	5.000000	-12.877130	-8.903369
18.000000	6.000000	-10.113804	-13.783271
18.000000	7.000000	-16.189904	-15.860454
18.000000	8.000000	-17.970303	-14.637384
18.000000	9.000000	-2.346588	1.602273
18.000000	10.000000	7.626151	3.710295
18.000000	11.000000	-8.235897	-11.670601
18.000000	12.000000	-2.417515	-14.546525
18.000000	13.000000	-7.658265	-14.872331
18.000000	14.000000	-13.134161	-9.385833
18.000000	15.000000	-3.110962	-14.685987
18.000000	16.000000	-6.185340	-17.023047
18.000000	17.000000	1.478624	0.756038
18.000000	18.000000	-8.317542	-14.184971
18.000000	19.000000	-1.402024	-5.103578
18.000000	20.000000	-19.078632	-9.611954
19.000000	1.000000	-0.728758	-2.989396
19.000000	2.000000	-14.911491	-2.837236
19.000000	3.000000	-15.690264	-2.718262
19.000000	4.000000	-3.410811	-5.608472
19.000000	5.000000	-7.337635	-3.331280
19.000000	6.000000	-4.456088	-5.323224
19.000000	7.000000	-6.423325	-6.368679
19.000000	8.000000	-6.179377	-5.770311
19.000000	9.000000	-0.318897	0.623475
19.000000	10.000000	4.017947	1.915501
19.000000	11.000000	-3.567915	-4.258968
19.000000	12.000000	-2.386226	-5.610178
19.000000	13.000000	-4.219434	-5.763949
19.000000	14.000000	-6.656319	-3.904190
19.000000	15.000000	-1.598575	-4.663132
19.000000	16.000000	-3.465775	-5.032328
19.000000	17.000000	0.541594	1.520760
19.000000	18.000000	-3.024852	-6.109741
19.000000	19.000000	-1.563127	-1.340820
19.000000	20.000000	-9.090836	-3.611166
