0.000000	1.000000	14.796800	8.623316
0.000000	2.000000	-0.447282	5.658199
0.000000	3.000000	10.811444	11.330604
0.000000	4.000000	-3.108473	14.168514
0.000000	5.000000	-0.552316	14.883169
0.000000	6.000000	-20.765375	-6.747192
0.000000	7.000000	15.549351	9.741685
0.000000	8.000000	-53.923963	23.488686
0.000000	9.000000	23.483877	10.825747
0.000000	10.000000	-1.229154	15.814436
0.000000	11.000000	-7.597025	17.202537
0.000000	12.000000	-0.355721	17.603363
0.000000	13.000000	16.025792	6.942931
0.000000	14.000000	-0.853630	14.182509
0.000000	15.000000	-17.829888	5.079247
0.000000	16.000000	5.900926	3.328534
0.000000	17.000000	5.899240	9.528684
0.000000	18.000000	25.937113	4.227075
0.000000	19.000000	24.405491	4.770294
0.000000	20.000000	-30.613340	-4.847124
1.000000	1.000000	13.789800	19.198392
1.000000	2.000000	3.919260	13.239254
1.000000	3.000000	10.295491	20.549466
1.000000	4.000000	20.938672	27.846667
1.000000	5.000000	2.593349	33.609691
1.000000	6.000000	-2.157403	-11.758332
1.000000	7.000000	13.923615	20.278757
1.000000	8.000000	-53.957936	46.072141
1.000000	9.000000	18.826468	21.153481
1.000000	10.000000	10.529939	31.149921
1.000000	11.000000	-1.761578	35.477728
1.000000	12.000000	25.218738	31.212340
1.000000	13.000000	4.420127	14.501713
1.000000	14.000000	22.912427	27.504558
1.000000	15.000000	-40.592114	14.071107
1.000000	16.000000	0.347000	23.873397
1.000000	17.000000	10.540613	21.779784
1.000000	18.000000	7.890248	14.008110
1.000000	19.000000	53.652265	8.884600
1.000000	20.000000	-52.333080	5.474320
2.000000	1.000000	11.432959	27.894195
2.000000	2.000000	7.902158	19.524358
2.000000	3.000000	8.771743	27.756803
2.000000	4.000000	42.936195	38.798994
2.000000	5.000000	5.485159	49.046261
2.000000	6.000000	16.661750	-15.618484
2.000000	7.000000	10.934938	28.830803
2.000000	8.000000	-48.710130	64.145734
2.000000	9.000000	12.326193	29.410564
2.000000	10.000000	21.258288	43.436234
2.000000	11.000000	4.246304	50.280112
2.000000	12.000000	48.324612	41.766036
2.000000	13.000000	-7.618210	20.640966
2.000000	14.000000	44.435655	38.134270
2.000000	15.000000	-59.380901	21.685589
2.000000	16.000000	-5.240893	42.081365
2.000000	17.000000	14.150197	31.898928
2.000000	18.000000	-10.928970	22.417933
2.000000	19.000000	77.647181	12.129220
2.000000	20.000000	-68.930093	15.259901
3.000000	1.000000	7.956980	33.859520
3.000000	2.000000	11.111537	23.898281
3.000000	3.000000	6.389356	32.247111
3.000000	4.000000	60.730823	45.953405
3.000000	5.000000	7.840043	59.681843
3.000000	6.000000	33.849935	-17.949790
3.000000	7.000000	6.875874	34.560689
3.000000	8.000000	-38.694237	75.940296
3.000000	9.000000	4.619345	34.788737
3.000000	10.000000	29.905728	51.470706
3.000000	11.000000	9.838529	60.160728
3.000000	12.000000	66.700136	48.231381
3.000000	13.000000	-18.910823	24.759738
3.000000	14.000000	61.609212	45.031133
3.000000	15.000000	-72.357072	27.177335
3.000000	16.000000	-10.315771	56.170116
3.000000	17.000000	16.374662	38.895582
3.000000	18.000000	-28.678384	28.633333
3.000000	19.000000	94.041450	14.186547
3.000000	20.000000	-78.779748	23.551735
4.000000	1.000000	3.702117	36.510440
4.000000	2.000000	13.233242	25.932875
4.000000	3.000000	3.381535	33.580847
4.000000	4.000000	72.580695	48.609576
4.000000	5.000000	9.427489	64.475349
4.000000	6.000000	47.724653	-18.524045
4.000000	7.000000	2.143751	36.907534
4.000000	8.000000	-24.890683	80.301292
4.000000	9.000000	-3.539677	36.761545
4.000000	10.000000	35.625787	54.466867
4.000000	11.000000	14.467690	64.152394
4.000000	12.000000	78.546586	49.975503
4.000000	13.000000	-28.352313	26.454854
4.000000	14.000000	72.752030	47.520035
4.000000	15.000000	-78.250428	30.008773
4.000000	16.000000	-14.380870	64.760544
4.000000	17.000000	16.996260	42.084866
4.000000	18.000000	-43.620559	32.045903
4.000000	19.000000	101.230287	14.855196
4.000000	20.000000	-80.917893	29.538162
5.000000	1.000000	-0.915136	35.587463
5.000000	2.000000	14.059585	25.428978
5.000000	3.000000	0.042705	31.627456
5.000000	4.000000	77.325863	46.507504
5.000000	5.000000	10.092107	62.957559
5.000000	6.000000	56.927749	-17.285038
5.000000	7.000000	-2.798218	35.641612
5.000000	8.000000	-8.650656	76.801838
5.000000	9.000000	-11.352211	35.135878
5.000000	10.000000	37.858545	52.131432
5.000000	11.000000	17.680652	61.864376
5.000000	12.000000	82.704349	46.827674
5.000000	13.000000	-35.018482	25.560385
5.000000	14.000000	76.773372	45.357345
5.000000	15.000000	-76.484087	29.902744
5.000000	16.000000	-17.038268	67.011760
5.000000	17.000000	15.954146	41.154589
5.000000	18.000000	-54.292849	32.321596
5.000000	19.000000	98.509998	14.069715
5.000000	20.000000	-75.135230	32.633188
6.000000	1.000000	-5.442809	31.180937
6.000000	2.000000	13.509677	22.435916
6.000000	3.000000	-3.300305	26.578149
6.000000	4.000000	74.501837	39.852953
6.000000	5.000000	9.768840	55.277045
6.000000	6.000000	60.558361	-14.354051
6.000000	7.000000	-7.466277	30.886842
6.000000	8.000000	8.436159	65.784485
6.000000	9.000000	-18.053512	30.070866
6.000000	10.000000	36.385446	44.693008
6.000000	11.000000	19.162909	53.520641
6.000000	12.000000	78.766434	39.096026
6.000000	13.000000	-38.256797	22.163887
6.000000	14.000000	73.279602	38.754763
6.000000	15.000000	-67.230951	26.869626
6.000000	16.000000	-18.027843	62.703397
6.000000	17.000000	13.350329	36.195815
6.000000	18.000000	-59.650576	29.433426
6.000000	19.000000	86.146864	11.906992
6.000000	20.000000	-61.997808	32.533850
7.000000	1.000000	-9.437701	23.722204
7.000000	2.000000	11.637348	17.246669
7.000000	3.000000	-6.320258	18.927187
7.000000	4.000000	64.385052	29.297317
7.000000	5.000000	8.489330	42.185628
7.000000	6.000000	58.261098	-10.017989
7.000000	7.000000	-11.403485	23.108652
7.000000	8.000000	24.697183	48.327689
7.000000	9.000000	-22.987608	22.062308
7.000000	10.000000	31.350685	32.879722
7.000000	11.000000	18.769367	39.937934
7.000000	12.000000	67.118311	27.537387
7.000000	13.000000	-37.750271	16.597834
7.000000	14.000000	62.612714	28.358594
7.000000	15.000000	-51.396781	21.206322
7.000000	16.000000	-17.252726	52.257189
7.000000	17.000000	9.439689	27.693942
7.000000	18.000000	-59.169290	23.664108
7.000000	19.000000	65.351075	8.578730
7.000000	20.000000	-42.791608	29.249872
8.000000	1.000000	-12.508766	13.941376
8.000000	2.000000	8.625875	10.369199
8.000000	3.000000	-8.721540	9.423501
8.000000	4.000000	47.965810	15.873856
8.000000	5.000000	6.378825	24.964788
8.000000	6.000000	50.260833	-4.701297
8.000000	7.000000	-14.224440	13.068426
8.000000	8.000000	38.540675	26.140241
8.000000	9.000000	-25.671518	11.894137
8.000000	10.000000	23.247101	17.847939
8.000000	11.000000	16.538549	22.445823
8.000000	12.000000	48.900181	13.283196
8.000000	13.000000	-33.548485	9.407068
8.000000	14.000000	45.816857	15.186488
8.000000	15.000000	-30.531536	13.467195
8.000000	16.000000	-14.788792	36.695683
8.000000	17.000000	4.605027	16.481193
8.000000	18.000000	-52.896101	15.578382
8.000000	19.000000	38.158267	4.410722
8.000000	20.000000	-19.396667	23.102713
9.000000	1.000000	-14.355386	2.795870
9.000000	2.000000	4.770041	2.476719
9.000000	3.000000	-10.269097	-1.002623
9.000000	4.000000	26.851339	0.896551
9.000000	5.000000	3.643917	5.300221
9.000000	6.000000	37.340687	1.075591
9.000000	7.000000	-15.653008	1.748971
9.000000	8.000000	48.611537	1.394005
9.000000	9.000000	-25.842521	0.561686
9.000000	10.000000	12.867929	1.069076
9.000000	11.000000	12.688822	2.756559
9.000000	12.000000	25.895360	-2.271246
9.000000	13.000000	-26.062740	1.295474
9.000000	14.000000	24.536127	0.527823
9.000000	15.000000	-6.677651	4.409805
9.000000	16.000000	-10.877229	17.542148
9.000000	17.000000	-0.680408	3.655151
9.000000	18.000000	-41.445074	5.967735
9.000000	19.000000	7.230262	-0.189038
9.000000	20.000000	5.896954	14.694099
10.000000	1.000000	-14.796800	-8.623316
10.000000	2.000000	0.447282	-5.658199
10.000000	3.000000	-10.811444	-11.330604
10.000000	4.000000	3.108473	-14.168514
10.000000	5.000000	0.552316	-14.883169
10.000000	6.000000	20.765375	6.747192
10.000000	7.000000	-15.549351	-9.741685
10.000000	8.000000	53.923963	-23.488686
10.000000	9.000000	-23.483877	-10.825747
10.000000	10.000000	1.229154	-15.814436
10.000000	11.000000	7.597025	-17.202537
10.000000	12.000000	0.355721	-17.603363
10.000000	13.000000	-16.025792	-6.942931
10.000000	14.000000	0.853630	-14.182509
10.000000	15.000000	17.829888	-5.079247
10.000000	16.000000	-5.900926	-3.328534
10.000000	17.000000	-5.899240	-9.528684
10.000000	18.000000	-25.937113	-4.227075
10.000000	19.000000	-24.405491	-4.770294
10.000000	20.000000	30.613340	4.847124
11.000000	1.000000	-13.789800	-19.198392
11.000000	2.000000	-3.919260	-13.239254
11.000000	3.000000	-10.295491	-20.549466
11.000000	4.000000	-20.938672	-27.846667
11.000000	5.000000	-2.593349	-33.609691
11.000000	6.000000	2.157403	11.758332
11.000000	7.000000	-13.923615	-20.278757
11.000000	8.000000	53.957936	-46.072141
11.000000	9.000000	-18.826468	-21.153481
11.000000	10.000000	-10.529939	-31.149921
11.000000	11.000000	1.761578	-35.477728
11.000000	12.000000	-25.218738	-31.212340
11.000000	13.000000	-4.420127	-14.501713
11.000000	14.000000	-22.912427	-27.504558
11.000000	15.000000	40.592114	-14.071107
11.000000	16.000000	-0.347000	-23.873397
11.000000	17.000000	-10.540613	-21.779784
11.000000	18.000000	-7.890248	-14.008110
11.000000	19.000000	-53.652265	-8.884600
11.000000	20.000000	52.333080	-5.474320
12.000000	1.000000	-11.432959	-27.894195
12.000000	2.000000	-7.902158	-19.524358
12.000000	3.000000	-8.771743	-27.756803
12.000000	4.000000	-42.936195	-38.798994
12.000000	5.000000	-5.485159	-49.046261
12.000000	6.000000	-16.661750	15.618484
12.000000	7.000000	-10.934938	-28.830803
12.000000	8.000000	48.710130	-64.145734
12.000000	9.000000	-12.326193	-29.410564
12.000000	10.000000	-21.258288	-43.436234
12.000000	11.000000	-4.246304	-50.280112
12.000000	12.000000	-48.324612	-41.766036
12.000000	13.000000	7.618210	-20.640966
12.000000	14.000000	-44.435655	-38.134270
12.000000	15.000000	59.380901	-21.685589
12.000000	16.000000	5.240893	-42.081365
12.000000	17.000000	-14.150197	-31.898928
12.000000	18.000000	10.928970	-22.417933
12.000000	19.000000	-77.647181	-12.129220
12.000000	20.000000	68.930093	-15.259901
13.000000	1.000000	-7.956980	-33.859520
13.000000	2.000000	-11.111537	-23.898281
13.000000	3.000000	-6.389356	-32.247111
13.000000	4.000000	-60.730823	-45.953405
13.000000	5.000000	-7.840043	-59.681843
13.000000	6.000000	-33.849935	17.949790
13.000000	7.000000	-6.875874	-34.560689
13.000000	8.000000	38.694237	-75.940296
13.000000	9.000000	-4.619345	-34.788737
13.000000	10.000000	-29.905728	-51.470706
13.000000	11.000000	-9.838529	-60.160728
13.000000	12.000000	-66.700136	-48.231381
13.000000	13.000000	18.910823	-24.759738
13.000000	14.000000	-61.609212	-45.031133
13.000000	15.000000	72.357072	-27.177335
13.000000	16.000000	10.315771	-56.170116
13.000000	17.000000	-16.374662	-38.895582
13.000000	18.000000	28.678384	-28.633333
13.000000	19.000000	-94.041450	-14.186547
13.000000	20.000000	78.779748	-23.551735
14.000000	1.000000	-3.702117	-36.510440
14.000000	2.000000	-13.233242	-25.932875
14.000000	3.000000	-3.381535	-33.580847
14.000000	4.000000	-72.580695	-48.609576
14.000000	5.000000	-9.427489	-64.475349
14.000000	6.000000	-47.724653	18.524045
14.000000	7.000000	-2.143751	-36.907534
14.000000	8.000000	24.890683	-80.301292
14.000000	9.000000	3.539677	-36.761545
14.000000	10.000000	-35.625787	-54.466867
14.000000	11.000000	-14.467690	-64.152394
14.000000	12.000000	-78.546586	-49.975503
14.000000	13.000000	28.352313	-26.454854
14.000000	14.000000	-72.752030	-47.520035
14.000000	15.000000	78.250428	-30.008773
14.000000	16.000000	14.380870	-64.760544
14.000000	17.000000	-16.996260	-42.084866
14.000000	18.000000	43.620559	-32.045903
14.000000	19.000000	-101.230287	-14.855196
14.000000	20.000000	80.917893	-29.538162
15.000000	1.000000	0.915136	-35.587463
15.000000	2.000000	-14.059585	-25.428978
15.000000	3.000000	-0.042705	-31.627456
15.000000	4.000000	-77.325863	-46.507504
15.000000	5.000000	-10.092107	-62.957559
15.000000	6.000000	-56.927749	17.285038
15.000000	7.000000	2.798218	-35.641612
15.000000	8.000000	8.650656	-76.801838
15.000000	9.000000	11.352211	-35.135878
15.000000	10.000000	-37.858545	-52.131432
15.000000	11.000000	-17.680652	-61.864376
15.000000	12.000000	-82.704349	-46.827674
15.000000	13.000000	35.018482	-25.560385
15.000000	14.000000	-76.773372	-45.357345
15.000000	15.000000	76.484087	-29.902744
15.000000	16.000000	17.038268	-67.011760
15.000000	17.000000	-15.954146	-41.154589
15.000000	18.000000	54.292849	-32.321596
15.000000	19.000000	-98.509998	-14.069715
15.000000	20.000000	75.135230	-32.633188
16.000000	1.000000	5.442809	-31.180937
16.000000	2.000000	-13.509677	-22.435916
16.000000	3.000000	3.300305	-26.578149
16.000000	4.000000	-74.501837	-39.852953
16.000000	5.000000	-9.768840	-55.277045
16.000000	6.000000	-60.558361	14.354051
16.000000	7.000000	7.466277	-30.886842
16.000000	8.000000	-8.436159	-65.784485
16.000000	9.000000	18.053512	-30.070866
16.000000	10.000000	-36.385446	-44.693008
16.000000	11.000000	-19.162909	-53.520641
16.000000	12.000000	-78.766434	-39.096026
16.000000	13.000000	38.256797	-22.163887
16.000000	14.000000	-73.279602	-38.754763
16.000000	15.000000	67.230951	-26.869626
16.000000	16.000000	18.027843	-62.703397
16.000000	17.000000	-13.350329	-36.195815
16.000000	18.000000	59.650576	-29.433426
16.000000	19.000000	-86.146864	-11.906992
16.000000	20.000000	61.997808	-32.533850
17.000000	1.000000	9.437701	-23.722204
17.000000	2.000000	-11.637348	-17.246669
17.000000	3.000000	6.320258	-18.927187
17.000000	4.000000	-64.385052	-29.297317
17.000000	5.000000	-8.489330	-42.185628
17.000000	6.000000	-58.261098	10.017989
17.000000	7.000000	11.403485	-23.108652
17.000000	8.000000	-24.697183	-48.327689
17.000000	9.000000	22.987608	-22.062308
17.000000	10.000000	-31.350685	-32.879722
17.000000	11.000000	-18.769367	-39.937934
17.000000	12.000000	-67.118311	-27.537387
17.000000	13.000000	37.750271	-16.597834
17.000000	14.000000	-62.612714	-28.358594
17.000000	15.000000	51.396781	-21.206322
17.000000	16.000000	17.252726	-52.257189
17.000000	17.000000	-9.439689	-27.693942
17.000000	18.000000	59.169290	-23.664108
17.000000	19.000000	-65.351075	-8.578730
17.000000	20.000000	42.791608	-29.249872
18.000000	1.000000	12.508766	-13.941376
18.000000	2.000000	-8.625875	-10.369199
18.000000	3.000000	8.721540	-9.423501
18.000000	4.000000	-47.965810	-15.873856
18.000000	5.000000	-6.378825	-24.964788
18.000000	6.000000	-50.260833	4.701297
18.000000	7.000000	14.224440	-13.068426
18.000000	8.000000	-38.540675	-26.140241
18.000000	9.000000	25.671518	-11.894137
18.000000	10.000000	-23.247101	-17.847939
18.000000	11.000000	-16.538549	-22.445823
18.000000	12.000000	-48.900181	-13.283196
18.000000	13.000000	33.548485	-9.407068
18.000000	14.000000	-45.816857	-15.186488
18.000000	15.000000	30.531536	-13.467195
18.000000	16.000000	14.788792	-36.695683
18.000000	17.000000	-4.605027	-16.481193
18.000000	18.000000	52.896101	-15.578382
18.000000	19.000000	-38.158267	-4.410722
18.000000	20.000000	19.396667	-23.102713
19.000000	1.000000	14.355386	-2.795870
19.000000	2.000000	-4.770041	-2.476719
19.000000	3.000000	10.269097	1.002623
19.000000	4.000000	-26.851339	-0.896551
19.000000	5.000000	-3.643917	-5.300221
19.000000	6.000000	-37.340687	-1.075591
19.000000	7.000000	15.653008	-1.748971
19.000000	8.000000	-48.611537	-1.394005
19.000000	9.000000	25.842521	-0.561686
19.000000	10.000000	-12.867929	-1.069076
19.000000	11.000000	-12.688822	-2.756559
19.000000	12.000000	-25.895360	2.271246
19.000000	13.000000	26.062740	-1.295474
19.000000	14.000000	-24.536127	-0.527823
19.000000	15.000000	6.677651	-4.409805
19.000000	16.000000	10.877229	-17.542148
19.000000	17.000000	0.680408	-3.655151
19.000000	18.000000	41.445074	-5.967735
19.000000	19.000000	-7.230262	0.189038
19.000000	20.000000	-5.896954	-14.694099
