0.000000	1.000000	3.363596	5.331824
0.000000	2.000000	7.506264	-1.273314
0.000000	3.000000	3.061203	-0.190017
0.000000	4.000000	0.079389	-0.753186
0.000000	5.000000	-2.554468	-5.449993
0.000000	6.000000	12.145495	4.329532
0.000000	7.000000	29.324114	-3.621121
0.000000	8.000000	1.676524	2.550732
0.000000	9.000000	9.685398	2.324914
0.000000	10.000000	-11.202852	3.634460
0.000000	11.000000	-0.138004	0.167393
0.000000	12.000000	-13.213012	4.389779
0.000000	13.000000	-5.977388	-4.700213
0.000000	14.000000	6.836879	1.868921
0.000000	15.000000	-1.422161	0.177684
0.000000	16.000000	-6.446661	2.287160
0.000000	17.000000	-2.307129	2.294465
0.000000	18.000000	-12.724373	-0.830661
0.000000	19.000000	-1.668876	3.095309
0.000000	20.000000	5.325746	-8.027810
1.000000	1.000000	-1.936995	10.503463
1.000000	2.000000	-7.994467	-7.400855
1.000000	3.000000	3.228265	-0.427301
1.000000	4.000000	0.018164	-0.658612
1.000000	5.000000	2.862863	-12.542949
1.000000	6.000000	0.414465	9.948755
1.000000	7.000000	56.367579	-0.339236
1.000000	8.000000	-11.111371	8.447058
1.000000	9.000000	10.249776	6.027997
1.000000	10.000000	-13.222420	8.667280
1.000000	11.000000	-0.214946	0.230397
1.000000	12.000000	-13.120565	11.494771
1.000000	13.000000	-66.030758	-5.904421
1.000000	14.000000	5.851729	6.557000
1.000000	15.000000	-1.656820	0.280397
1.000000	16.000000	-5.392981	6.783893
1.000000	17.000000	-2.307120	7.218424
1.000000	18.000000	-16.073317	-5.906358
1.000000	19.000000	-7.130763	7.952208
1.000000	20.000000	6.810180	-16.941684
2.000000	1.000000	-7.047979	14.646951
2.000000	2.000000	-22.712644	-12.803948
2.000000	3.000000	3.079322	-0.622758
2.000000	4.000000	-0.044840	-0.499568
2.000000	5.000000	7.999956	-18.408113
2.000000	6.000000	-11.357136	14.594125
2.000000	7.000000	77.893393	2.975855
2.000000	8.000000	-22.811607	13.516528
2.000000	9.000000	9.810834	9.141018
2.000000	10.000000	-13.947685	12.851686
2.000000	11.000000	-0.270847	0.270847
2.000000	12.000000	-11.743787	17.474575
2.000000	13.000000	-119.620577	-6.530663
2.000000	14.000000	4.293770	10.603234
2.000000	15.000000	-1.729297	0.355662
2.000000	16.000000	-3.811397	10.616571
2.000000	17.000000	-2.081273	11.435794
2.000000	18.000000	-17.848893	-10.403900
2.000000	19.000000	-11.894642	12.030690
2.000000	20.000000	7.627986	-24.197189
3.000000	1.000000	-11.469058	17.356692
3.000000	2.000000	-35.207549	-16.953702
3.000000	3.000000	2.628953	-0.757255
3.000000	4.000000	-0.103455	-0.291622
3.000000	5.000000	12.353959	-22.471363
3.000000	6.000000	-22.017022	17.810921
3.000000	7.000000	91.794458	5.999648
3.000000	8.000000	-32.278884	17.262905
3.000000	9.000000	8.411540	11.359253
3.000000	10.000000	-13.307653	15.778080
3.000000	11.000000	-0.300237	0.284786
3.000000	12.000000	-9.217445	21.743846
3.000000	13.000000	-161.501100	-6.517638
3.000000	14.000000	2.315507	13.611550
3.000000	15.000000	-1.632499	0.396113
3.000000	16.000000	-1.856728	13.410025
3.000000	17.000000	-1.651697	14.533748
3.000000	18.000000	-17.877295	-13.883036
3.000000	19.000000	-15.494190	14.931525
3.000000	20.000000	7.699112	-29.084103
4.000000	1.000000	-14.767465	18.367440
4.000000	2.000000	-44.256094	-19.443910
4.000000	3.000000	1.921244	-0.817627
4.000000	4.000000	-0.151942	-0.055131
4.000000	5.000000	15.498669	-24.334959
4.000000	6.000000	-30.521728	19.284259
4.000000	7.000000	96.710043	8.436155
4.000000	8.000000	-38.586479	19.319470
4.000000	9.000000	6.188866	12.465564
4.000000	10.000000	-11.364976	17.160006
4.000000	11.000000	-0.300237	0.270847
4.000000	12.000000	-5.788835	23.884678
4.000000	13.000000	-187.572771	-5.866622
4.000000	14.000000	0.110586	15.287472
4.000000	15.000000	-1.375900	0.397790
4.000000	16.000000	0.279690	14.890812
4.000000	17.000000	-1.060441	16.209038
4.000000	18.000000	-16.155742	-16.003204
4.000000	19.000000	-17.577059	16.370758
4.000000	20.000000	7.016595	-31.124064
5.000000	1.000000	-16.620331	17.580254
5.000000	2.000000	-48.972544	-20.030812
5.000000	3.000000	1.025471	-0.797964
5.000000	4.000000	-0.185557	0.186757
5.000000	5.000000	17.126262	-23.816480
5.000000	6.000000	-36.038754	18.869920
5.000000	7.000000	92.158975	10.046871
5.000000	8.000000	-41.116961	19.484909
5.000000	9.000000	3.360382	12.351660
5.000000	10.000000	-8.309815	16.862190
5.000000	11.000000	-0.270847	0.230397
5.000000	12.000000	-1.793573	23.687511
5.000000	13.000000	-195.283512	-4.641340
5.000000	14.000000	-2.105160	15.466950
5.000000	15.000000	-0.984619	0.360528
5.000000	16.000000	2.388731	14.913983
5.000000	17.000000	-0.365382	16.297674
5.000000	18.000000	-12.852753	-16.556866
5.000000	19.000000	-17.939363	16.207506
5.000000	20.000000	5.647245	-30.117384
6.000000	1.000000	-16.846282	15.072191
6.000000	2.000000	-48.895220	-18.656958
6.000000	3.000000	0.029317	-0.700190
6.000000	4.000000	-0.201007	0.410364
6.000000	5.000000	17.077417	-20.966678
6.000000	6.000000	-38.028056	16.608461
6.000000	7.000000	78.586744	10.674130
6.000000	8.000000	-39.622628	17.743031
6.000000	9.000000	0.202961	11.028689
6.000000	10.000000	-4.441232	14.913786
6.000000	11.000000	-0.214946	0.167393
6.000000	12.000000	2.377255	21.171645
6.000000	13.000000	-183.878542	-2.961731
6.000000	14.000000	-4.114838	14.132415
6.000000	15.000000	-0.496956	0.287975
6.000000	16.000000	4.263946	13.477269
6.000000	17.000000	0.365443	14.790980
6.000000	18.000000	-8.291647	-15.489827
6.000000	19.000000	-16.545637	14.457752
6.000000	20.000000	3.725104	-26.162605
7.000000	1.000000	-15.423202	11.088757
7.000000	2.000000	-44.031692	-15.456832
7.000000	3.000000	-0.969707	-0.533877
7.000000	4.000000	-0.196782	0.593801
7.000000	5.000000	15.356916	-16.064511
7.000000	6.000000	-36.294908	12.721251
7.000000	7.000000	57.321895	10.256531
7.000000	8.000000	-34.249756	14.264340
7.000000	9.000000	-2.974328	8.626153
7.000000	10.000000	-0.137910	11.505516
7.000000	11.000000	-0.138004	0.088004
7.000000	12.000000	6.315382	16.583351
7.000000	13.000000	-154.474259	-0.992207
7.000000	14.000000	-5.721727	11.414501
7.000000	15.000000	0.039352	0.187233
7.000000	16.000000	5.721776	10.721307
7.000000	17.000000	1.060496	11.836442
7.000000	18.000000	-2.918897	-12.906536
7.000000	19.000000	-13.532309	11.292771
7.000000	20.000000	1.438323	-19.646847
8.000000	1.000000	-12.490392	6.019878
8.000000	2.000000	-34.858034	-10.743683
8.000000	3.000000	-1.873809	-0.315305
8.000000	4.000000	-0.173295	0.719113
8.000000	5.000000	12.133172	-9.589839
8.000000	6.000000	-31.008960	7.588796
8.000000	7.000000	30.445980	8.834951
8.000000	8.000000	-25.524279	9.389357
8.000000	9.000000	-5.860468	5.379229
8.000000	10.000000	4.178911	6.971007
8.000000	11.000000	-0.047553	0.000000
8.000000	12.000000	9.635315	10.371764
8.000000	13.000000	-109.948960	1.074441
8.000000	14.000000	-6.768533	7.579256
8.000000	15.000000	0.571808	0.068164
8.000000	16.000000	6.619519	6.915868
8.000000	17.000000	1.651740	7.723271
8.000000	18.000000	2.739576	-9.059863
8.000000	19.000000	-9.194344	7.022376
8.000000	20.000000	-0.989251	-11.207920
9.000000	1.000000	-8.334935	0.361731
9.000000	2.000000	-22.272230	-4.978868
9.000000	3.000000	-2.594490	-0.065868
9.000000	4.000000	-0.132844	0.774034
9.000000	5.000000	7.721749	-2.176445
9.000000	6.000000	-22.687640	1.713497
9.000000	7.000000	0.589800	6.548544
9.000000	8.000000	-14.300308	3.595278
9.000000	9.000000	-8.172946	1.605749
9.000000	10.000000	8.086672	1.754127
9.000000	11.000000	0.047553	-0.088004
9.000000	12.000000	12.012076	3.144916
9.000000	13.000000	-54.661090	3.035915
9.000000	14.000000	-7.152789	3.002101
9.000000	15.000000	1.048292	-0.057578
9.000000	16.000000	6.869298	2.433455
9.000000	17.000000	2.081301	2.854092
9.000000	18.000000	8.129879	-4.326348
9.000000	19.000000	-3.956373	2.064582
9.000000	20.000000	-3.319990	-1.671883
10.000000	1.000000	-3.363596	-5.331824
10.000000	2.000000	-7.506264	1.273314
10.000000	3.000000	-3.061203	0.190017
10.000000	4.000000	-0.079389	0.753186
10.000000	5.000000	2.554468	5.449993
10.000000	6.000000	-12.145495	-4.329532
10.000000	7.000000	-29.324114	3.621121
10.000000	8.000000	-1.676524	-2.550732
10.000000	9.000000	-9.685398	-2.324914
10.000000	10.000000	11.202852	-3.634460
10.000000	11.000000	0.138004	-0.167393
10.000000	12.000000	13.213012	-4.389779
10.000000	13.000000	5.977388	4.700213
10.000000	14.000000	-6.836879	-1.868921
10.000000	15.000000	1.422161	-0.177684
10.000000	16.000000	6.446661	-2.287160
10.000000	17.000000	2.307129	-2.294465
10.000000	18.000000	12.724373	0.830661
10.000000	19.000000	1.668876	-3.095309
10.000000	20.000000	-5.325746	8.027810
11.000000	1.000000	1.936995	-10.503463
11.000000	2.000000	7.994467	7.400855
11.000000	3.000000	-3.228265	0.427301
11.000000	4.000000	-0.018164	0.658612
11.000000	5.000000	-2.862863	12.542949
11.000000	6.000000	-0.414465	-9.948755
11.000000	7.000000	-56.367579	0.339236
11.000000	8.000000	11.111371	-8.447058
11.000000	9.000000	-10.249776	-6.027997
11.000000	10.000000	13.222420	-8.667280
11.000000	11.000000	0.214946	-0.230397
11.000000	12.000000	13.120565	-11.494771
11.000000	13.000000	66.030758	5.904421
11.000000	14.000000	-5.851729	-6.557000
11.000000	15.000000	1.656820	-0.280397
11.000000	16.000000	5.392981	-6.783893
11.000000	17.000000	2.307120	-7.218424
11.000000	18.000000	16.073317	5.906358
11.000000	19.000000	7.130763	-7.952208
11.000000	20.000000	-6.810180	16.941684
12.000000	1.000000	7.047979	-14.646951
12.000000	2.000000	22.712644	12.803948
12.000000	3.000000	-3.079322	0.622758
12.000000	4.000000	0.044840	0.499568
12.000000	5.000000	-7.999956	18.408113
12.000000	6.000000	11.357136	-14.594125
12.000000	7.000000	-77.893393	-2.975855
12.000000	8.000000	22.811607	-13.516528
12.000000	9.000000	-9.810834	-9.141018
12.000000	10.000000	13.947685	-12.851686
12.000000	11.000000	0.270847	-0.270847
12.000000	12.000000	11.743787	-17.474575
12.000000	13.000000	119.620577	6.530663
12.000000	14.000000	-4.293770	-10.603234
12.000000	15.000000	1.729297	-0.355662
12.000000	16.000000	3.811397	-10.616571
12.000000	17.000000	2.081273	-11.435794
12.000000	18.000000	17.848893	10.403900
12.000000	19.000000	11.894642	-12.030690
12.000000	20.000000	-7.627986	24.197189
13.000000	1.000000	11.469058	-17.356692
13.000000	2.000000	35.207549	16.953702
13.000000	3.000000	-2.628953	0.757255
13.000000	4.000000	0.103455	0.291622
13.000000	5.000000	-12.353959	22.471363
13.000000	6.000000	22.017022	-17.810921
13.000000	7.000000	-91.794458	-5.999648
13.000000	8.000000	32.278884	-17.262905
13.000000	9.000000	-8.411540	-11.359253
13.000000	10.000000	13.307653	-15.778080
13.000000	11.000000	0.300237	-0.284786
13.000000	12.000000	9.217445	-21.743846
13.000000	13.000000	161.501100	6.517638
13.000000	14.000000	-2.315507	-13.611550
13.000000	15.000000	1.632499	-0.396113
13.000000	16.000000	1.856728	-13.410025
13.000000	17.000000	1.651697	-14.533748
13.000000	18.000000	17.877295	13.883036
13.000000	19.000000	15.494190	-14.931525
13.000000	20.000000	-7.699112	29.084103
14.000000	1.000000	14.767465	-18.367440
14.000000	2.000000	44.256094	19.443910
14.000000	3.000000	-1.921244	0.817627
14.000000	4.000000	0.151942	0.055131
14.000000	5.000000	-15.498669	24.334959
14.000000	6.000000	30.521728	-19.284259
14.000000	7.000000	-96.710043	-8.436155
14.000000	8.000000	38.586479	-19.319470
14.000000	9.000000	-6.188866	-12.465564
14.000000	10.000000	11.364976	-17.160006
14.000000	11.000000	0.300237	-0.270847
14.000000	12.000000	5.788835	-23.884678
14.000000	13.000000	187.572771	5.866622
14.000000	14.000000	-0.110586	-15.287472
14.000000	15.000000	1.375900	-0.397790
14.000000	16.000000	-0.279690	-14.890812
14.000000	17.000000	1.060441	-16.209038
14.000000	18.000000	16.155742	16.003204
14.000000	19.000000	17.577059	-16.370758
14.000000	20.000000	-7.016595	31.124064
15.000000	1.000000	16.620331	-17.580254
15.000000	2.000000	48.972544	20.030812
15.000000	3.000000	-1.025471	0.797964
15.000000	4.000000	0.185557	-0.186757
15.000000	5.000000	-17.126262	23.816480
15.000000	6.000000	36.038754	-18.869920
15.000000	7.000000	-92.158975	-10.046871
15.000000	8.000000	41.116961	-19.484909
15.000000	9.000000	-3.360382	-12.351660
15.000000	10.000000	8.309815	-16.862190
15.000000	11.000000	0.270847	-0.230397
15.000000	12.000000	1.793573	-23.687511
15.000000	13.000000	195.283512	4.641340
15.000000	14.000000	2.105160	-15.466950
15.000000	15.000000	0.984619	-0.360528
15.000000	16.000000	-2.388731	-14.913983
15.000000	17.000000	0.365382	-16.297674
15.000000	18.000000	12.852753	16.556866
15.000000	19.000000	17.939363	-16.207506
15.000000	20.000000	-5.647245	30.117384
16.000000	1.000000	16.846282	-15.072191
16.000000	2.000000	48.895220	18.656958
16.000000	3.000000	-0.029317	0.700190
16.000000	4.000000	0.201007	-0.410364
16.000000	5.000000	-17.077417	20.966678
16.000000	6.000000	38.028056	-16.608461
16.000000	7.000000	-78.586744	-10.674130
16.000000	8.000000	39.622628	-17.743031
16.000000	9.000000	-0.202961	-11.028689
16.000000	10.000000	4.441232	-14.913786
16.000000	11.000000	0.214946	-0.167393
16.000000	12.000000	-2.377255	-21.171645
16.000000	13.000000	183.878542	2.961731
16.000000	14.000000	4.114838	-14.132415
16.000000	15.000000	0.496956	-0.287975
16.000000	16.000000	-4.263946	-13.477269
16.000000	17.000000	-0.365443	-14.790980
16.000000	18.000000	8.291647	15.489827
16.000000	19.000000	16.545637	-14.457752
16.000000	20.000000	-3.725104	26.162605
17.000000	1.000000	15.423202	-11.088757
17.000000	2.000000	44.031692	15.456832
17.000000	3.000000	0.969707	0.533877
17.000000	4.000000	0.196782	-0.593801
17.000000	5.000000	-15.356916	16.064511
17.000000	6.000000	36.294908	-12.721251
17.000000	7.000000	-57.321895	-10.256531
17.000000	8.000000	34.249756	-14.264340
17.000000	9.000000	2.974328	-8.626153
17.000000	10.000000	0.137910	-11.505516
17.000000	11.000000	0.138004	-0.088004
17.000000	12.000000	-6.315382	-16.583351
17.000000	13.000000	154.474259	0.992207
17.000000	14.000000	5.721727	-11.414501
17.000000	15.000000	-0.039352	-0.187233
17.000000	16.000000	-5.721776	-10.721307
17.000000	17.000000	-1.060496	-11.836442
17.000000	18.000000	2.918897	12.906536
17.000000	19.000000	13.532309	-11.292771
17.000000	20.000000	-1.438323	19.646847
18.000000	1.000000	12.490392	-6.019878
18.000000	2.000000	34.858034	10.743683
18.000000	3.000000	1.873809	0.315305
18.000000	4.000000	0.173295	-0.719113
18.000000	5.000000	-12.133172	9.589839
18.000000	6.000000	31.008960	-7.588796
18.000000	7.000000	-30.445980	-8.834951
18.000000	8.000000	25.524279	-9.389357
18.000000	9.000000	5.860468	-5.379229
18.000000	10.000000	-4.178911	-6.971007
18.000000	11.000000	0.047553	0.000000
18.000000	12.000000	-9.635315	-10.371764
18.000000	13.000000	109.948960	-1.074441
18.000000	14.000000	6.768533	-7.579256
18.000000	15.000000	-0.571808	-0.068164
18.000000	16.000000	-6.619519	-6.915868
18.000000	17.000000	-1.651740	-7.723271
18.000000	18.000000	-2.739576	9.059863
18.000000	19.000000	9.194344	-7.022376
18.000000	20.000000	0.989251	11.207920
19.000000	1.000000	8.334935	-0.361731
19.000000	2.000000	22.272230	4.978868
19.000000	3.000000	2.594490	0.065868
19.000000	4.000000	0.132844	-0.774034
19.000000	5.000000	-7.721749	2.176445
19.000000	6.000000	22.687640	-1.713497
19.000000	7.000000	-0.589800	-6.548544
19.000000	8.000000	14.300308	-3.595278
19.000000	9.000000	8.172946	-1.605749
19.000000	10.000000	-8.086672	-1.754127
19.000000	11.000000	-0.047553	0.088004
19.000000	12.000000	-12.012076	-3.144916
19.000000	13.000000	54.661090	-3.035915
19.000000	14.000000	7.152789	-3.002101
19.000000	15.000000	-1.048292	0.057578
19.000000	16.000000	-6.869298	-2.433455
19.000000	17.000000	-2.081301	-2.854092
19.000000	18.000000	-8.129879	4.326348
19.000000	19.000000	3.956373	-2.064582
19.000000	20.000000	3.319990	1.671883
