0.000000	1.000000	-0.497301	-1.253442
0.000000	2.000000	-5.454359	6.876905
0.000000	3.000000	0.278720	-0.848772
0.000000	4.000000	-3.379874	4.642906
0.000000	5.000000	-0.072048	-0.933903
0.000000	6.000000	7.806447	3.435218
0.000000	7.000000	0.384747	-0.835362
0.000000	8.000000	0.140998	-1.148339
0.000000	9.000000	4.167230	6.117009
0.000000	10.000000	10.383613	5.819089
0.000000	11.000000	0.347081	-0.770610
0.000000	12.000000	0.165185	-0.839249
0.000000	13.000000	0.472724	-0.845885
0.000000	14.000000	0.277809	-0.240063
0.000000	15.000000	-0.401724	-0.976875
0.000000	16.000000	0.164873	-1.257144
0.000000	17.000000	0.245981	-0.964295
0.000000	18.000000	-0.403161	-1.483280
0.000000	19.000000	-0.365650	-0.851573
0.000000	20.000000	-0.362289	0.988776
1.000000	1.000000	0.435428	1.082037
1.000000	2.000000	4.842233	-6.210533
1.000000	3.000000	-0.266526	0.707514
1.000000	4.000000	3.041072	-4.198257
1.000000	5.000000	0.064756	0.829844
1.000000	6.000000	-7.093520	-3.139301
1.000000	7.000000	-0.367320	0.721742
1.000000	8.000000	-0.113607	1.010034
1.000000	9.000000	-3.976429	-5.456384
1.000000	10.000000	-9.624556	-5.185711
1.000000	11.000000	-0.341477	0.668897
1.000000	12.000000	-0.121644	0.748280
1.000000	13.000000	-0.420744	0.719365
1.000000	14.000000	-0.233945	0.218452
1.000000	15.000000	0.376691	0.890749
1.000000	16.000000	-0.155688	1.089975
1.000000	17.000000	-0.219126	0.852355
1.000000	18.000000	0.379572	1.328928
1.000000	19.000000	0.404091	0.769427
1.000000	20.000000	0.189367	-0.928623
2.000000	1.000000	-0.330931	-0.804715
2.000000	2.000000	-3.756115	4.936230
2.000000	3.000000	0.228243	-0.497001
2.000000	4.000000	-2.404588	3.342654
2.000000	5.000000	-0.051125	-0.644554
2.000000	6.000000	5.686229	2.536087
2.000000	7.000000	0.313938	-0.537473
2.000000	8.000000	0.075096	-0.772860
2.000000	9.000000	3.396388	4.261649
2.000000	10.000000	7.923380	4.044719
2.000000	11.000000	0.302446	-0.501708
2.000000	12.000000	0.066195	-0.584065
2.000000	13.000000	0.327578	-0.522428
2.000000	14.000000	0.167181	-0.175457
2.000000	15.000000	-0.314785	-0.717430
2.000000	16.000000	0.131263	-0.816112
2.000000	17.000000	0.170821	-0.656980
2.000000	18.000000	-0.318829	-1.044491
2.000000	19.000000	-0.402977	-0.611963
2.000000	20.000000	0.002091	0.777570
3.000000	1.000000	0.194041	0.448622
3.000000	2.000000	2.302323	-3.178735
3.000000	3.000000	-0.167618	0.237837
3.000000	4.000000	1.532726	-2.159849
3.000000	5.000000	0.032490	0.396170
3.000000	6.000000	-3.722330	-1.684624
3.000000	7.000000	-0.229825	0.300593
3.000000	8.000000	-0.029234	0.460033
3.000000	9.000000	-2.483885	-2.649755
3.000000	10.000000	-5.446609	-2.507802
3.000000	11.000000	-0.233810	0.285407
3.000000	12.000000	-0.004267	0.362678
3.000000	13.000000	-0.202347	0.274353
3.000000	14.000000	-0.084053	0.115287
3.000000	15.000000	0.222066	0.473885
3.000000	16.000000	-0.093989	0.462363
3.000000	17.000000	-0.105796	0.397295
3.000000	18.000000	0.226876	0.657813
3.000000	19.000000	0.362416	0.394597
3.000000	20.000000	-0.193345	-0.550403
4.000000	1.000000	-0.038156	-0.048614
4.000000	2.000000	-0.623163	1.110083
4.000000	3.000000	0.090585	0.044608
4.000000	4.000000	-0.510830	0.765622
4.000000	5.000000	-0.010674	-0.109007
4.000000	6.000000	1.394064	0.668258
4.000000	7.000000	0.123215	-0.034288
4.000000	8.000000	-0.019490	-0.102175
4.000000	9.000000	1.328242	0.778485
4.000000	10.000000	2.436686	0.725403
4.000000	11.000000	0.142287	-0.041169
4.000000	12.000000	-0.058079	-0.105789
4.000000	13.000000	0.057309	0.000578
4.000000	14.000000	-0.007304	-0.043832
4.000000	15.000000	-0.107609	-0.183952
4.000000	16.000000	0.047515	-0.063354
4.000000	17.000000	0.030414	-0.098720
4.000000	18.000000	-0.112715	-0.206743
4.000000	19.000000	-0.286380	-0.138605
4.000000	20.000000	0.365673	0.269359
5.000000	1.000000	-0.121463	-0.356152
5.000000	2.000000	-1.116996	1.067232
5.000000	3.000000	-0.004685	-0.322686
5.000000	4.000000	-0.561069	0.703549
5.000000	5.000000	-0.012186	-0.188827
5.000000	6.000000	1.070662	0.413522
5.000000	7.000000	-0.004544	-0.235373
5.000000	8.000000	0.066306	-0.265685
5.000000	9.000000	-0.042582	1.168989
5.000000	10.000000	0.811757	1.128002
5.000000	11.000000	-0.036836	-0.207098
5.000000	12.000000	0.114740	-0.161455
5.000000	13.000000	0.093340	-0.275452
5.000000	14.000000	0.097945	-0.031913
5.000000	15.000000	-0.017381	-0.123987
5.000000	16.000000	0.003610	-0.341857
5.000000	17.000000	0.047945	-0.209518
5.000000	18.000000	-0.012480	-0.264565
5.000000	19.000000	0.182311	-0.130955
5.000000	20.000000	-0.502206	0.038052
6.000000	1.000000	0.269193	0.726056
6.000000	2.000000	2.747816	-3.140079
6.000000	3.000000	-0.081674	0.569177
6.000000	4.000000	1.578047	-2.103851
6.000000	5.000000	0.033854	0.468177
6.000000	6.000000	-3.430585	-1.454823
6.000000	7.000000	-0.114571	0.481994
6.000000	8.000000	-0.106632	0.607538
6.000000	9.000000	-1.247247	-3.002035
6.000000	10.000000	-3.980740	-2.870991
6.000000	11.000000	-0.072221	0.435094
6.000000	12.000000	-0.160169	0.412895
6.000000	13.000000	-0.234851	0.523363
6.000000	14.000000	-0.178999	0.104535
6.000000	15.000000	0.140670	0.419790
6.000000	16.000000	-0.054382	0.713604
6.000000	17.000000	-0.121611	0.497247
6.000000	18.000000	0.136452	0.709975
6.000000	19.000000	-0.060397	0.387697
6.000000	20.000000	0.589580	-0.341738
7.000000	1.000000	-0.390572	-1.024888
7.000000	2.000000	-4.109660	4.905552
7.000000	3.000000	0.160037	-0.759954
7.000000	4.000000	-2.440555	3.298214
7.000000	5.000000	-0.052208	-0.701699
7.000000	6.000000	5.454698	2.353716
7.000000	7.000000	0.222472	-0.681434
7.000000	8.000000	0.136519	-0.889921
7.000000	9.000000	2.414987	4.541220
7.000000	10.000000	6.760060	4.332948
7.000000	11.000000	0.174208	-0.620500
7.000000	12.000000	0.189920	-0.623918
7.000000	13.000000	0.353374	-0.720044
7.000000	14.000000	0.242531	-0.166924
7.000000	15.000000	-0.250189	-0.674500
7.000000	16.000000	0.099831	-1.015498
7.000000	17.000000	0.183372	-0.736302
7.000000	18.000000	-0.247068	-1.085888
7.000000	19.000000	-0.067430	-0.606487
7.000000	20.000000	-0.619241	0.611973
8.000000	1.000000	0.473719	1.223397
8.000000	2.000000	5.069222	-6.190837
8.000000	3.000000	-0.222736	0.876341
8.000000	4.000000	3.064164	-4.169725
8.000000	5.000000	0.065451	0.866533
8.000000	6.000000	-6.944868	-3.022211
8.000000	7.000000	-0.308596	0.814170
8.000000	8.000000	-0.153043	1.085192
8.000000	9.000000	-3.346331	-5.635879
8.000000	10.000000	-8.877658	-5.370765
8.000000	11.000000	-0.259143	0.745166
8.000000	12.000000	-0.201080	0.773867
8.000000	13.000000	-0.437306	0.846242
8.000000	14.000000	-0.282323	0.212973
8.000000	15.000000	0.335218	0.863186
8.000000	16.000000	-0.135507	1.217989
8.000000	17.000000	-0.227184	0.903283
8.000000	18.000000	0.333499	1.355506
8.000000	19.000000	0.188657	0.765911
8.000000	20.000000	0.588287	-0.822303
9.000000	1.000000	-0.510496	-1.302152
9.000000	2.000000	-5.532574	6.870118
9.000000	3.000000	0.263631	-0.906945
9.000000	4.000000	-3.387831	4.633074
9.000000	5.000000	-0.072287	-0.946545
9.000000	6.000000	7.755225	3.394871
9.000000	7.000000	0.364512	-0.867210
9.000000	8.000000	0.154587	-1.174237
9.000000	9.000000	3.950112	6.178859
9.000000	10.000000	10.126249	5.882854
9.000000	11.000000	0.318711	-0.796891
9.000000	12.000000	0.192557	-0.848065
9.000000	13.000000	0.478431	-0.889603
9.000000	14.000000	0.294479	-0.238175
9.000000	15.000000	-0.387433	-0.967377
9.000000	16.000000	0.157919	-1.301254
9.000000	17.000000	0.248758	-0.981844
9.000000	18.000000	-0.387285	-1.492438
9.000000	19.000000	-0.291416	-0.850362
9.000000	20.000000	-0.499748	0.952141
10.000000	1.000000	0.497301	1.253442
10.000000	2.000000	5.454359	-6.876905
10.000000	3.000000	-0.278720	0.848772
10.000000	4.000000	3.379874	-4.642906
10.000000	5.000000	0.072048	0.933903
10.000000	6.000000	-7.806447	-3.435218
10.000000	7.000000	-0.384747	0.835362
10.000000	8.000000	-0.140998	1.148339
10.000000	9.000000	-4.167230	-6.117009
10.000000	10.000000	-10.383613	-5.819089
10.000000	11.000000	-0.347081	0.770610
10.000000	12.000000	-0.165185	0.839249
10.000000	13.000000	-0.472724	0.845885
10.000000	14.000000	-0.277809	0.240063
10.000000	15.000000	0.401724	0.976875
10.000000	16.000000	-0.164873	1.257144
10.000000	17.000000	-0.245981	0.964295
10.000000	18.000000	0.403161	1.483280
10.000000	19.000000	0.365650	0.851573
10.000000	20.000000	0.362289	-0.988776
11.000000	1.000000	-0.435428	-1.082037
11.000000	2.000000	-4.842233	6.210533
11.000000	3.000000	0.266526	-0.707514
11.000000	4.000000	-3.041072	4.198257
11.000000	5.000000	-0.064756	-0.829844
11.000000	6.000000	7.093520	3.139301
11.000000	7.000000	0.367320	-0.721742
11.000000	8.000000	0.113607	-1.010034
11.000000	9.000000	3.976429	5.456384
11.000000	10.000000	9.624556	5.185711
11.000000	11.000000	0.341477	-0.668897
11.000000	12.000000	0.121644	-0.748280
11.000000	13.000000	0.420744	-0.719365
11.000000	14.000000	0.233945	-0.218452
11.000000	15.000000	-0.376691	-0.890749
11.000000	16.000000	0.155688	-1.089975
11.000000	17.000000	0.219126	-0.852355
11.000000	18.000000	-0.379572	-1.328928
11.000000	19.000000	-0.404091	-0.769427
11.000000	20.000000	-0.189367	0.928623
12.000000	1.000000	0.330931	0.804715
12.000000	2.000000	3.756115	-4.936230
12.000000	3.000000	-0.228243	0.497001
12.000000	4.000000	2.404588	-3.342654
12.000000	5.000000	0.051125	0.644554
12.000000	6.000000	-5.686229	-2.536087
12.000000	7.000000	-0.313938	0.537473
12.000000	8.000000	-0.075096	0.772860
12.000000	9.000000	-3.396388	-4.261649
12.000000	10.000000	-7.923380	-4.044719
12.000000	11.000000	-0.302446	0.501708
12.000000	12.000000	-0.066195	0.584065
12.000000	13.000000	-0.327578	0.522428
12.000000	14.000000	-0.167181	0.175457
12.000000	15.000000	0.314785	0.717430
12.000000	16.000000	-0.131263	0.816112
12.000000	17.000000	-0.170821	0.656980
12.000000	18.000000	0.318829	1.044491
12.000000	19.000000	0.402977	0.611963
12.000000	20.000000	-0.002091	-0.777570
13.000000	1.000000	-0.194041	-0.448622
13.000000	2.000000	-2.302323	3.178735
13.000000	3.000000	0.167618	-0.237837
13.000000	4.000000	-1.532726	2.159849
13.000000	5.000000	-0.032490	-0.396170
13.000000	6.000000	3.722330	1.684624
13.000000	7.000000	0.229825	-0.300593
13.000000	8.000000	0.029234	-0.460033
13.000000	9.000000	2.483885	2.649755
13.000000	10.000000	5.446609	2.507802
13.000000	11.000000	0.233810	-0.285407
13.000000	12.000000	0.004267	-0.362678
13.000000	13.000000	0.202347	-0.274353
13.000000	14.000000	0.084053	-0.115287
13.000000	15.000000	-0.222066	-0.473885
13.000000	16.000000	0.093989	-0.462363
13.000000	17.000000	0.105796	-0.397295
13.000000	18.000000	-0.226876	-0.657813
13.000000	19.000000	-0.362416	-0.394597
13.000000	20.000000	0.193345	0.550403
14.000000	1.000000	0.038156	0.048614
14.000000	2.000000	0.623163	-1.110083
14.000000	3.000000	-0.090585	-0.044608
14.000000	4.000000	0.510830	-0.765622
14.000000	5.000000	0.010674	0.109007
14.000000	6.000000	-1.394064	-0.668258
14.000000	7.000000	-0.123215	0.034288
14.000000	8.000000	0.019490	0.102175
14.000000	9.000000	-1.328242	-0.778485
14.000000	10.000000	-2.436686	-0.725403
14.000000	11.000000	-0.142287	0.041169
14.000000	12.000000	0.058079	0.105789
14.000000	13.000000	-0.057309	-0.000578
14.000000	14.000000	0.007304	0.043832
14.000000	15.000000	0.107609	0.183952
14.000000	16.000000	-0.047515	0.063354
14.000000	17.000000	-0.030414	0.098720
14.000000	18.000000	0.112715	0.206743
14.000000	19.000000	0.286380	0.138605
14.000000	20.000000	-0.365673	-0.269359
15.000000	1.000000	0.121463	0.356152
15.000000	2.000000	1.116996	-1.067232
15.000000	3.000000	0.004685	0.322686
15.000000	4.000000	0.561069	-0.703549
15.000000	5.000000	0.012186	0.188827
15.000000	6.000000	-1.070662	-0.413522
15.000000	7.000000	0.004544	0.235373
15.000000	8.000000	-0.066306	0.265685
15.000000	9.000000	0.042582	-1.168989
15.000000	10.000000	-0.811757	-1.128002
15.000000	11.000000	0.036836	0.207098
15.000000	12.000000	-0.114740	0.161455
15.000000	13.000000	-0.093340	0.275452
15.000000	14.000000	-0.097945	0.031913
15.000000	15.000000	0.017381	0.123987
15.000000	16.000000	-0.003610	0.341857
15.000000	17.000000	-0.047945	0.209518
15.000000	18.000000	0.012480	0.264565
15.000000	19.000000	-0.182311	0.130955
15.000000	20.000000	0.502206	-0.038052
16.000000	1.000000	-0.269193	-0.726056
16.000000	2.000000	-2.747816	3.140079
16.000000	3.000000	0.081674	-0.569177
16.000000	4.000000	-1.578047	2.103851
16.000000	5.000000	-0.033854	-0.468177
16.000000	6.000000	3.430585	1.454823
16.000000	7.000000	0.114571	-0.481994
16.000000	8.000000	0.106632	-0.607538
16.000000	9.000000	1.247247	3.002035
16.000000	10.000000	3.980740	2.870991
16.000000	11.000000	0.072221	-0.435094
16.000000	12.000000	0.160169	-0.412895
16.000000	13.000000	0.234851	-0.523363
16.000000	14.000000	0.178999	-0.104535
16.000000	15.000000	-0.140670	-0.419790
16.000000	16.000000	0.054382	-0.713604
16.000000	17.000000	0.121611	-0.497247
16.000000	18.000000	-0.136452	-0.709975
16.000000	19.000000	0.060397	-0.387697
16.000000	20.000000	-0.589580	0.341738
17.000000	1.000000	0.390572	1.024888
17.000000	2.000000	4.109660	-4.905552
17.000000	3.000000	-0.160037	0.759954
17.000000	4.000000	2.440555	-3.298214
17.000000	5.000000	0.052208	0.701699
17.000000	6.000000	-5.454698	-2.353716
17.000000	7.000000	-0.222472	0.681434
17.000000	8.000000	-0.136519	0.889921
17.000000	9.000000	-2.414987	-4.541220
17.000000	10.000000	-6.760060	-4.332948
17.000000	11.000000	-0.174208	0.620500
17.000000	12.000000	-0.189920	0.623918
17.000000	13.000000	-0.353374	0.720044
17.000000	14.000000	-0.242531	0.166924
17.000000	15.000000	0.250189	0.674500
17.000000	16.000000	-0.099831	1.015498
17.000000	17.000000	-0.183372	0.736302
17.000000	18.000000	0.247068	1.085888
17.000000	19.000000	0.067430	0.606487
17.000000	20.000000	0.619241	-0.611973
18.000000	1.000000	-0.473719	-1.223397
18.000000	2.000000	-5.069222	6.190837
18.000000	3.000000	0.222736	-0.876341
18.000000	4.000000	-3.064164	4.169725
18.000000	5.000000	-0.065451	-0.866533
18.000000	6.000000	6.944868	3.022211
18.000000	7.000000	0.308596	-0.814170
18.000000	8.000000	0.153043	-1.085192
18.000000	9.000000	3.346331	5.635879
18.000000	10.000000	8.877658	5.370765
18.000000	11.000000	0.259143	-0.745166
18.000000	12.000000	0.201080	-0.773867
18.000000	13.000000	0.437306	-0.846242
18.000000	14.000000	0.282323	-0.212973
18.000000	15.000000	-0.335218	-0.863186
18.000000	16.000000	0.135507	-1.217989
18.000000	17.000000	0.227184	-0.903283
18.000000	18.000000	-0.333499	-1.355506
18.000000	19.000000	-0.188657	-0.765911
18.000000	20.000000	-0.588287	0.822303
19.000000	1.000000	0.510496	1.302152
19.000000	2.000000	5.532574	-6.870118
19.000000	3.000000	-0.263631	0.906945
19.000000	4.000000	3.387831	-4.633074
19.000000	5.000000	0.072287	0.946545
19.000000	6.000000	-7.755225	-3.394871
19.000000	7.000000	-0.364512	0.867210
19.000000	8.000000	-0.154587	1.174237
19.000000	9.000000	-3.950112	-6.178859
19.000000	10.000000	-10.126249	-5.882854
19.000000	11.000000	-0.318711	0.796891
19.000000	12.000000	-0.192557	0.848065
19.000000	13.000000	-0.478431	0.889603
19.000000	14.000000	-0.294479	0.238175
19.000000	15.000000	0.387433	0.967377
19.000000	16.000000	-0.157919	1.301254
19.000000	17.000000	-0.248758	0.981844
19.000000	18.000000	0.387285	1.492438
19.000000	19.000000	0.291416	0.850362
19.000000	20.000000	0.499748	-0.952141
