0.000000	1.000000	0.853352	5.016455
0.000000	2.000000	0.416736	2.543056
0.000000	3.000000	1.056379	4.260670
0.000000	4.000000	11.766293	7.586354
0.000000	5.000000	-4.605488	10.023800
0.000000	6.000000	5.424333	-4.145206
0.000000	7.000000	0.183770	5.006584
0.000000	8.000000	-8.644710	10.196085
0.000000	9.000000	-2.442801	7.057279
0.000000	10.000000	3.369264	8.143913
0.000000	11.000000	-2.708888	9.942791
0.000000	12.000000	10.554323	8.413124
0.000000	13.000000	-5.812240	4.750928
0.000000	14.000000	10.914569	7.507273
0.000000	15.000000	-12.843719	5.779285
0.000000	16.000000	0.865675	5.036542
0.000000	17.000000	1.155618	5.242318
0.000000	18.000000	-3.789224	5.214349
0.000000	19.000000	11.928226	1.607825
0.000000	20.000000	-9.353736	6.801149
1.000000	1.000000	1.042794	11.100554
1.000000	2.000000	0.516268	7.293526
1.000000	3.000000	0.857727	9.593652
1.000000	4.000000	24.941840	14.658419
1.000000	5.000000	-9.473230	20.819376
1.000000	6.000000	17.343262	-8.353334
1.000000	7.000000	-0.447981	11.126744
1.000000	8.000000	-10.808272	23.069742
1.000000	9.000000	-7.209106	12.474518
1.000000	10.000000	11.278698	17.082040
1.000000	11.000000	-6.295488	19.738674
1.000000	12.000000	24.192968	15.736930
1.000000	13.000000	-12.018624	8.483785
1.000000	14.000000	24.372496	14.809385
1.000000	15.000000	-23.590860	13.215540
1.000000	16.000000	-2.243768	15.598226
1.000000	17.000000	4.456109	11.810068
1.000000	18.000000	-15.109583	9.542117
1.000000	19.000000	27.671365	4.517981
1.000000	20.000000	-16.561422	15.853497
2.000000	1.000000	0.372526	8.033028
2.000000	2.000000	0.190172	6.030998
2.000000	3.000000	-0.048060	7.017344
2.000000	4.000000	17.554599	9.645651
2.000000	5.000000	-6.530961	14.450844
2.000000	6.000000	14.963895	-5.674727
2.000000	7.000000	-0.710403	8.073688
2.000000	8.000000	-4.061176	16.924023
2.000000	9.000000	-6.032011	7.607397
2.000000	10.000000	9.889641	11.937229
2.000000	11.000000	-4.691902	13.261413
2.000000	12.000000	17.886217	10.086747
2.000000	13.000000	-8.316500	5.222359
2.000000	14.000000	17.737019	9.902203
2.000000	15.000000	-14.889000	9.756514
2.000000	16.000000	-3.503383	13.300272
2.000000	17.000000	4.082851	8.641250
2.000000	18.000000	-13.973156	6.003082
2.000000	19.000000	20.601415	3.703381
2.000000	20.000000	-10.115383	11.835755
3.000000	1.000000	-0.604863	-1.657163
3.000000	2.000000	-0.292706	-0.203663
3.000000	3.000000	-0.914225	-1.344269
3.000000	4.000000	-4.305172	-3.319277
3.000000	5.000000	1.795624	-3.831390
3.000000	6.000000	0.247851	1.682292
3.000000	7.000000	-0.387148	-1.635555
3.000000	8.000000	6.034074	-3.174360
3.000000	9.000000	0.118051	-3.531487
3.000000	10.000000	0.347272	-3.048986
3.000000	11.000000	0.779826	-4.148949
3.000000	12.000000	-3.166459	-3.879248
3.000000	13.000000	2.241992	-2.344534
3.000000	14.000000	-3.521380	-3.168647
3.000000	15.000000	6.087790	-1.746069
3.000000	16.000000	-1.874706	0.037182
3.000000	17.000000	0.343571	-1.651669
3.000000	18.000000	-1.316847	-2.485071
3.000000	19.000000	-3.452949	-0.164396
3.000000	20.000000	4.670076	-1.939733
4.000000	1.000000	-1.083585	-9.981140
4.000000	2.000000	-0.534270	-6.270418
4.000000	3.000000	-1.026676	-8.597627
4.000000	4.000000	-22.615632	-13.547695
4.000000	5.000000	8.641844	-18.954913
4.000000	6.000000	-14.672528	7.652380
4.000000	7.000000	0.255284	-9.996398
4.000000	8.000000	11.154655	-20.655706
4.000000	9.000000	6.170789	-11.758909
4.000000	10.000000	-9.481398	-15.521526
4.000000	11.000000	5.608643	-18.138794
4.000000	12.000000	-21.608613	-14.647076
4.000000	13.000000	10.952120	-7.978523
4.000000	14.000000	-21.876649	-13.627171
4.000000	15.000000	22.045627	-11.809142
4.000000	16.000000	1.299535	-13.256563
4.000000	17.000000	-3.678959	-10.582904
4.000000	18.000000	12.425110	-8.924458
4.000000	19.000000	-24.660600	-3.896640
4.000000	20.000000	15.605387	-14.116047
5.000000	1.000000	-0.668968	-10.076371
5.000000	2.000000	-0.335365	-7.167656
5.000000	3.000000	-0.292705	-8.762847
5.000000	4.000000	-22.281098	-12.606994
5.000000	5.000000	8.363473	-18.451447
5.000000	6.000000	-17.496443	7.313620
5.000000	7.000000	0.687252	-10.115916
5.000000	8.000000	7.079009	-21.107880
5.000000	9.000000	7.136146	-10.291939
5.000000	10.000000	-11.493324	-15.197663
5.000000	11.000000	5.813529	-17.174483
5.000000	12.000000	-22.235989	-13.339423
5.000000	13.000000	10.632997	-7.034783
5.000000	14.000000	-22.196164	-12.851053
5.000000	15.000000	19.828398	-12.136409
5.000000	16.000000	3.402400	-15.621206
5.000000	17.000000	-4.668447	-10.789280
5.000000	18.000000	15.923440	-8.006259
5.000000	19.000000	-25.537325	-4.416379
5.000000	20.000000	13.675156	-14.654676
6.000000	1.000000	0.297166	-1.864345
6.000000	2.000000	0.140024	-2.155667
6.000000	3.000000	0.682581	-1.703718
6.000000	4.000000	-3.577370	-1.272715
6.000000	5.000000	1.190008	-2.736064
6.000000	6.000000	-5.895774	0.945296
6.000000	7.000000	0.552629	-1.895575
6.000000	8.000000	-2.832780	-4.158094
6.000000	9.000000	2.218254	-0.339992
6.000000	10.000000	-4.029815	-2.344398
6.000000	11.000000	1.225570	-2.051021
6.000000	12.000000	-4.531360	-1.034356
6.000000	13.000000	1.547718	-0.291360
6.000000	14.000000	-4.216506	-1.480148
6.000000	15.000000	1.264053	-2.458063
6.000000	16.000000	2.700227	-5.107266
6.000000	17.000000	-1.809129	-2.100656
6.000000	18.000000	6.294016	-0.487464
6.000000	19.000000	-5.360326	-1.295125
6.000000	20.000000	0.470724	-3.111558
7.000000	1.000000	1.018308	7.884703
7.000000	2.000000	0.499973	4.633518
7.000000	3.000000	1.095127	6.760007
7.000000	4.000000	18.075647	11.110827
7.000000	5.000000	-6.964535	15.235011
7.000000	6.000000	10.565545	-6.202358
7.000000	7.000000	-0.037597	7.887535
7.000000	8.000000	-10.409142	16.219747
7.000000	9.000000	-4.528432	9.892255
7.000000	10.000000	6.755993	12.441658
7.000000	11.000000	-4.372785	14.763363
7.000000	12.000000	16.909056	12.123465
7.000000	13.000000	-8.813545	6.692269
7.000000	14.000000	17.239363	11.111035
7.000000	15.000000	-18.342414	9.246783
7.000000	16.000000	-0.228093	9.617254
7.000000	17.000000	2.541688	8.319811
7.000000	18.000000	-8.524380	7.433211
7.000000	19.000000	19.235884	2.893869
7.000000	20.000000	-13.121787	10.996821
8.000000	1.000000	0.899927	11.133368
8.000000	2.000000	0.447730	7.602693
8.000000	3.000000	0.604818	9.650583
8.000000	4.000000	24.826568	14.334276
8.000000	5.000000	-9.377309	20.645894
8.000000	6.000000	18.316317	-8.236606
8.000000	7.000000	-0.596827	11.167927
8.000000	8.000000	-9.403900	23.225550
8.000000	9.000000	-7.541745	11.969035
8.000000	10.000000	11.971961	16.970444
8.000000	11.000000	-6.366087	19.406395
8.000000	12.000000	24.409147	15.286343
8.000000	13.000000	-11.908662	8.158594
8.000000	14.000000	24.482594	14.541953
8.000000	15.000000	-22.826855	13.328308
8.000000	16.000000	-2.968367	16.413027
8.000000	17.000000	4.797063	11.881180
8.000000	18.000000	-16.315026	9.225727
8.000000	19.000000	27.973464	4.697071
8.000000	20.000000	-15.896310	16.039096
9.000000	1.000000	0.039619	5.203357
9.000000	2.000000	0.026364	4.303985
9.000000	3.000000	-0.384121	4.584933
9.000000	4.000000	11.109733	5.740125
9.000000	5.000000	-4.059154	9.035692
9.000000	6.000000	10.966577	-3.480352
9.000000	7.000000	-0.664016	5.241152
9.000000	8.000000	-0.645806	11.083525
9.000000	9.000000	-4.337421	4.178189
9.000000	10.000000	7.317891	7.508296
9.000000	11.000000	-3.110999	8.050223
9.000000	12.000000	11.785618	5.846709
9.000000	13.000000	-5.185926	2.898734
9.000000	14.000000	11.541651	5.984056
9.000000	15.000000	-8.492163	6.421583
9.000000	16.000000	-3.261431	9.677416
9.000000	17.000000	3.097598	5.647354
9.000000	18.000000	-10.655083	3.412282
9.000000	19.000000	13.648895	2.627870
9.000000	20.000000	-5.565446	7.858267
10.000000	1.000000	-0.853352	-5.016455
10.000000	2.000000	-0.416736	-2.543056
10.000000	3.000000	-1.056379	-4.260670
10.000000	4.000000	-11.766293	-7.586354
10.000000	5.000000	4.605488	-10.023800
10.000000	6.000000	-5.424333	4.145206
10.000000	7.000000	-0.183770	-5.006584
10.000000	8.000000	8.644710	-10.196085
10.000000	9.000000	2.442801	-7.057279
10.000000	10.000000	-3.369264	-8.143913
10.000000	11.000000	2.708888	-9.942791
10.000000	12.000000	-10.554323	-8.413124
10.000000	13.000000	5.812240	-4.750928
10.000000	14.000000	-10.914569	-7.507273
10.000000	15.000000	12.843719	-5.779285
10.000000	16.000000	-0.865675	-5.036542
10.000000	17.000000	-1.155618	-5.242318
10.000000	18.000000	3.789224	-5.214349
10.000000	19.000000	-11.928226	-1.607825
10.000000	20.000000	9.353736	-6.801149
11.000000	1.000000	-1.042794	-11.100554
11.000000	2.000000	-0.516268	-7.293526
11.000000	3.000000	-0.857727	-9.593652
11.000000	4.000000	-24.941840	-14.658419
11.000000	5.000000	9.473230	-20.819376
11.000000	6.000000	-17.343262	8.353334
11.000000	7.000000	0.447981	-11.126744
11.000000	8.000000	10.808272	-23.069742
11.000000	9.000000	7.209106	-12.474518
11.000000	10.000000	-11.278698	-17.082040
11.000000	11.000000	6.295488	-19.738674
11.000000	12.000000	-24.192968	-15.736930
11.000000	13.000000	12.018624	-8.483785
11.000000	14.000000	-24.372496	-14.809385
11.000000	15.000000	23.590860	-13.215540
11.000000	16.000000	2.243768	-15.598226
11.000000	17.000000	-4.456109	-11.810068
11.000000	18.000000	15.109583	-9.542117
11.000000	19.000000	-27.671365	-4.517981
11.000000	20.000000	16.561422	-15.853497
12.000000	1.000000	-0.372526	-8.033028
12.000000	2.000000	-0.190172	-6.030998
12.000000	3.000000	0.048060	-7.017344
12.000000	4.000000	-17.554599	-9.645651
12.000000	5.000000	6.530961	-14.450844
12.000000	6.000000	-14.963895	5.674727
12.000000	7.000000	0.710403	-8.073688
12.000000	8.000000	4.061176	-16.924023
12.000000	9.000000	6.032011	-7.607397
12.000000	10.000000	-9.889641	-11.937229
12.000000	11.000000	4.691902	-13.261413
12.000000	12.000000	-17.886217	-10.086747
12.000000	13.000000	8.316500	-5.222359
12.000000	14.000000	-17.737019	-9.902203
12.000000	15.000000	14.889000	-9.756514
12.000000	16.000000	3.503383	-13.300272
12.000000	17.000000	-4.082851	-8.641250
12.000000	18.000000	13.973156	-6.003082
12.000000	19.000000	-20.601415	-3.703381
12.000000	20.000000	10.115383	-11.835755
13.000000	1.000000	0.604863	1.657163
13.000000	2.000000	0.292706	0.203663
13.000000	3.000000	0.914225	1.344269
13.000000	4.000000	4.305172	3.319277
13.000000	5.000000	-1.795624	3.831390
13.000000	6.000000	-0.247851	-1.682292
13.000000	7.000000	0.387148	1.635555
13.000000	8.000000	-6.034074	3.174360
13.000000	9.000000	-0.118051	3.531487
13.000000	10.000000	-0.347272	3.048986
13.000000	11.000000	-0.779826	4.148949
13.000000	12.000000	3.166459	3.879248
13.000000	13.000000	-2.241992	2.344534
13.000000	14.000000	3.521380	3.168647
13.000000	15.000000	-6.087790	1.746069
13.000000	16.000000	1.874706	-0.037182
13.000000	17.000000	-0.343571	1.651669
13.000000	18.000000	1.316847	2.485071
13.000000	19.000000	3.452949	0.164396
13.000000	20.000000	-4.670076	1.939733
14.000000	1.000000	1.083585	9.981140
14.000000	2.000000	0.534270	6.270418
14.000000	3.000000	1.026676	8.597627
14.000000	4.000000	22.615632	13.547695
14.000000	5.000000	-8.641844	18.954913
14.000000	6.000000	14.672528	-7.652380
14.000000	7.000000	-0.255284	9.996398
14.000000	8.000000	-11.154655	20.655706
14.000000	9.000000	-6.170789	11.758909
14.000000	10.000000	9.481398	15.521526
14.000000	11.000000	-5.608643	18.138794
14.000000	12.000000	21.608613	14.647076
14.000000	13.000000	-10.952120	7.978523
14.000000	14.000000	21.876649	13.627171
14.000000	15.000000	-22.045627	11.809142
14.000000	16.000000	-1.299535	13.256563
14.000000	17.000000	3.678959	10.582904
14.000000	18.000000	-12.425110	8.924458
14.000000	19.000000	24.660600	3.896640
14.000000	20.000000	-15.605387	14.116047
15.000000	1.000000	0.668968	10.076371
15.000000	2.000000	0.335365	7.167656
15.000000	3.000000	0.292705	8.762847
15.000000	4.000000	22.281098	12.606994
15.000000	5.000000	-8.363473	18.451447
15.000000	6.000000	17.496443	-7.313620
15.000000	7.000000	-0.687252	10.115916
15.000000	8.000000	-7.079009	21.107880
15.000000	9.000000	-7.136146	10.291939
15.000000	10.000000	11.493324	15.197663
15.000000	11.000000	-5.813529	17.174483
15.000000	12.000000	22.235989	13.339423
15.000000	13.000000	-10.632997	7.034783
15.000000	14.000000	22.196164	12.851053
15.000000	15.000000	-19.828398	12.136409
15.000000	16.000000	-3.402400	15.621206
15.000000	17.000000	4.668447	10.789280
15.000000	18.000000	-15.923440	8.006259
15.000000	19.000000	25.537325	4.416379
15.000000	20.000000	-13.675156	14.654676
16.000000	1.000000	-0.297166	1.864345
16.000000	2.000000	-0.140024	2.155667
16.000000	3.000000	-0.682581	1.703718
16.000000	4.000000	3.577370	1.272715
16.000000	5.000000	-1.190008	2.736064
16.000000	6.000000	5.895774	-0.945296
16.000000	7.000000	-0.552629	1.895575
16.000000	8.000000	2.832780	4.158094
16.000000	9.000000	-2.218254	0.339992
16.000000	10.000000	4.029815	2.344398
16.000000	11.000000	-1.225570	2.051021
16.000000	12.000000	4.531360	1.034356
16.000000	13.000000	-1.547718	0.291360
16.000000	14.000000	4.216506	1.480148
16.000000	15.000000	-1.264053	2.458063
16.000000	16.000000	-2.700227	5.107266
16.000000	17.000000	1.809129	2.100656
16.000000	18.000000	-6.294016	0.487464
16.000000	19.000000	5.360326	1.295125
16.000000	20.000000	-0.470724	3.111558
17.000000	1.000000	-1.018308	-7.884703
17.000000	2.000000	-0.499973	-4.633518
17.000000	3.000000	-1.095127	-6.760007
17.000000	4.000000	-18.075647	-11.110827
17.000000	5.000000	6.964535	-15.235011
17.000000	6.000000	-10.565545	6.202358
17.000000	7.000000	0.037597	-7.887535
17.000000	8.000000	10.409142	-16.219747
17.000000	9.000000	4.528432	-9.892255
17.000000	10.000000	-6.755993	-12.441658
17.000000	11.000000	4.372785	-14.763363
17.000000	12.000000	-16.909056	-12.123465
17.000000	13.000000	8.813545	-6.692269
17.000000	14.000000	-17.239363	-11.111035
17.000000	15.000000	18.342414	-9.246783
17.000000	16.000000	0.228093	-9.617254
17.000000	17.000000	-2.541688	-8.319811
17.000000	18.000000	8.524380	-7.433211
17.000000	19.000000	-19.235884	-2.893869
17.000000	20.000000	13.121787	-10.996821
18.000000	1.000000	-0.899927	-11.133368
18.000000	2.000000	-0.447730	-7.602693
18.000000	3.000000	-0.604818	-9.650583
18.000000	4.000000	-24.826568	-14.334276
18.000000	5.000000	9.377309	-20.645894
18.000000	6.000000	-18.316317	8.236606
18.000000	7.000000	0.596827	-11.167927
18.000000	8.000000	9.403900	-23.225550
18.000000	9.000000	7.541745	-11.969035
18.000000	10.000000	-11.971961	-16.970444
18.000000	11.000000	6.366087	-19.406395
18.000000	12.000000	-24.409147	-15.286343
18.000000	13.000000	11.908662	-8.158594
18.000000	14.000000	-24.482594	-14.541953
18.000000	15.000000	22.826855	-13.328308
18.000000	16.000000	2.968367	-16.413027
18.000000	17.000000	-4.797063	-11.881180
18.000000	18.000000	16.315026	-9.225727
18.000000	19.000000	-27.973464	-4.697071
18.000000	20.000000	15.896310	-16.039096
19.000000	1.000000	-0.039619	-5.203357
19.000000	2.000000	-0.026364	-4.303985
19.000000	3.000000	0.384121	-4.584933
19.000000	4.000000	-11.109733	-5.740125
19.000000	5.000000	4.059154	-9.035692
19.000000	6.000000	-10.966577	3.480352
19.000000	7.000000	0.664016	-5.241152
19.000000	8.000000	0.645806	-11.083525
19.000000	9.000000	4.337421	-4.178189
19.000000	10.000000	-7.317891	-7.508296
19.000000	11.000000	3.110999	-8.050223
19.000000	12.000000	-11.785618	-5.846709
19.000000	13.000000	5.185926	-2.898734
19.000000	14.000000	-11.541651	-5.984056
19.000000	15.000000	8.492163	-6.421583
19.000000	16.000000	3.261431	-9.677416
19.000000	17.000000	-3.097598	-5.647354
19.000000	18.000000	10.655083	-3.412282
19.000000	19.000000	-13.648895	-2.627870
19.000000	20.000000	5.565446	-7.858267
