0.000000	1.000000	9.211271	7.579508
0.000000	2.000000	9.769427	6.942705
0.000000	3.000000	0.947214	-0.208688
0.000000	4.000000	-2.548278	-1.750000
0.000000	5.000000	4.356763	6.099468
0.000000	6.000000	1.348607	7.428115
0.000000	7.000000	5.178115	7.823607
0.000000	8.000000	4.856434	4.483156
0.000000	9.000000	2.408156	7.048607
0.000000	10.000000	0.811475	8.916312
0.000000	11.000000	-0.859549	0.548607
0.000000	12.000000	3.724468	6.846353
0.000000	13.000000	-0.050000	2.673607
0.000000	14.000000	7.851393	4.950861
0.000000	15.000000	-0.891844	6.661803
0.000000	16.000000	-1.681763	8.897214
0.000000	17.000000	0.284017	9.905370
0.000000	18.000000	-0.760942	9.933156
0.000000	19.000000	-0.939058	12.403976
0.000000	20.000000	4.765451	8.299468
1.000000	1.000000	12.872919	10.596729
1.000000	2.000000	13.000174	10.709926
1.000000	3.000000	0.585410	-0.882624
1.000000	4.000000	-4.254102	-2.232953
1.000000	5.000000	6.386726	8.186522
1.000000	6.000000	2.139387	10.378163
1.000000	7.000000	7.594350	10.479024
1.000000	8.000000	9.365499	6.907546
1.000000	9.000000	2.460207	11.065828
1.000000	10.000000	2.662461	13.743740
1.000000	11.000000	-1.253976	-0.704508
1.000000	12.000000	5.485004	11.268082
1.000000	13.000000	0.987664	3.513322
1.000000	14.000000	14.065092	7.542956
1.000000	15.000000	-2.340248	10.253163
1.000000	16.000000	-3.057953	13.277428
1.000000	17.000000	-2.422542	14.594601
1.000000	18.000000	-1.373936	15.352225
1.000000	19.000000	-1.553976	16.916611
1.000000	20.000000	8.118817	11.316689
2.000000	1.000000	-1.255370	-1.030370
2.000000	2.000000	-1.734878	-0.323607
2.000000	3.000000	-0.585410	-0.336803
2.000000	4.000000	-0.080902	0.369959
2.000000	5.000000	-0.409549	-1.039919
2.000000	6.000000	-0.026393	-1.014058
2.000000	7.000000	-0.484549	-1.347214
2.000000	8.000000	0.931763	-0.214058
2.000000	9.000000	-0.887664	-0.209549
2.000000	10.000000	0.834017	-0.422214
2.000000	11.000000	0.084549	-0.984017
2.000000	12.000000	-0.334549	0.117705
2.000000	13.000000	0.660410	-0.502254
2.000000	14.000000	0.841312	-0.289058
2.000000	15.000000	-0.554508	-0.325000
2.000000	16.000000	-0.208156	-0.691312
2.000000	17.000000	-1.781231	-0.885410
2.000000	18.000000	-0.088197	-0.444959
2.000000	19.000000	-0.021353	-1.948936
2.000000	20.000000	0.252254	-1.305370
3.000000	1.000000	-13.648780	-11.233533
3.000000	2.000000	-14.072387	-10.909926
3.000000	3.000000	-0.947214	0.674468
3.000000	4.000000	4.204102	2.461600
3.000000	5.000000	-6.639841	-8.829228
3.000000	6.000000	-2.155698	-11.004885
3.000000	7.000000	-7.893817	-11.311648
3.000000	8.000000	-8.789638	-7.039841
3.000000	9.000000	-3.008814	-11.195336
3.000000	10.000000	-2.147010	-14.004682
3.000000	11.000000	1.306231	0.096353
3.000000	12.000000	-5.691766	-11.195336
3.000000	13.000000	-0.579508	-3.823732
3.000000	14.000000	-13.545133	-7.721604
3.000000	15.000000	1.997542	-10.454024
3.000000	16.000000	2.929305	-13.704682
3.000000	17.000000	1.321681	-15.141814
3.000000	18.000000	1.319427	-15.627225
3.000000	19.000000	1.540780	-18.121120
3.000000	20.000000	-7.962916	-12.123452
4.000000	1.000000	-7.180041	-5.912336
4.000000	2.000000	-6.962336	-6.419098
4.000000	3.000000	-0.000000	0.753647
4.000000	4.000000	2.679180	1.151393
4.000000	5.000000	-3.694098	-4.416844
4.000000	6.000000	-1.305902	-5.787336
4.000000	7.000000	-4.394098	-5.643769
4.000000	8.000000	-6.364058	-4.136803
4.000000	9.000000	-0.971885	-6.709549
4.000000	10.000000	-2.160942	-8.233156
4.000000	11.000000	0.722746	1.043566
4.000000	12.000000	-3.183156	-7.036803
4.000000	13.000000	-1.018566	-1.860942
4.000000	14.000000	-9.212664	-4.483156
4.000000	15.000000	1.789058	-6.135942
4.000000	16.000000	2.018566	-7.778647
4.000000	17.000000	2.598075	-8.472746
4.000000	18.000000	0.903647	-9.213197
4.000000	19.000000	0.973607	-9.250532
4.000000	20.000000	-5.173607	-6.187336
5.000000	1.000000	9.211271	7.579508
5.000000	2.000000	9.769427	6.942705
5.000000	3.000000	0.947214	-0.208688
5.000000	4.000000	-2.548278	-1.750000
5.000000	5.000000	4.356763	6.099468
5.000000	6.000000	1.348607	7.428115
5.000000	7.000000	5.178115	7.823607
5.000000	8.000000	4.856434	4.483156
5.000000	9.000000	2.408156	7.048607
5.000000	10.000000	0.811475	8.916312
5.000000	11.000000	-0.859549	0.548607
5.000000	12.000000	3.724468	6.846353
5.000000	13.000000	-0.050000	2.673607
5.000000	14.000000	7.851393	4.950861
5.000000	15.000000	-0.891844	6.661803
5.000000	16.000000	-1.681763	8.897214
5.000000	17.000000	0.284017	9.905370
5.000000	18.000000	-0.760942	9.933156
5.000000	19.000000	-0.939058	12.403976
5.000000	20.000000	4.765451	8.299468
6.000000	1.000000	12.872919	10.596729
6.000000	2.000000	13.000174	10.709926
6.000000	3.000000	0.585410	-0.882624
6.000000	4.000000	-4.254102	-2.232953
6.000000	5.000000	6.386726	8.186522
6.000000	6.000000	2.139387	10.378163
6.000000	7.000000	7.594350	10.479024
6.000000	8.000000	9.365499	6.907546
6.000000	9.000000	2.460207	11.065828
6.000000	10.000000	2.662461	13.743740
6.000000	11.000000	-1.253976	-0.704508
6.000000	12.000000	5.485004	11.268082
6.000000	13.000000	0.987664	3.513322
6.000000	14.000000	14.065092	7.542956
6.000000	15.000000	-2.340248	10.253163
6.000000	16.000000	-3.057953	13.277428
6.000000	17.000000	-2.422542	14.594601
6.000000	18.000000	-1.373936	15.352225
6.000000	19.000000	-1.553976	16.916611
6.000000	20.000000	8.118817	11.316689
7.000000	1.000000	-1.255370	-1.030370
7.000000	2.000000	-1.734878	-0.323607
7.000000	3.000000	-0.585410	-0.336803
7.000000	4.000000	-0.080902	0.369959
7.000000	5.000000	-0.409549	-1.039919
7.000000	6.000000	-0.026393	-1.014058
7.000000	7.000000	-0.484549	-1.347214
7.000000	8.000000	0.931763	-0.214058
7.000000	9.000000	-0.887664	-0.209549
7.000000	10.000000	0.834017	-0.422214
7.000000	11.000000	0.084549	-0.984017
7.000000	12.000000	-0.334549	0.117705
7.000000	13.000000	0.660410	-0.502254
7.000000	14.000000	0.841312	-0.289058
7.000000	15.000000	-0.554508	-0.325000
7.000000	16.000000	-0.208156	-0.691312
7.000000	17.000000	-1.781231	-0.885410
7.000000	18.000000	-0.088197	-0.444959
7.000000	19.000000	-0.021353	-1.948936
7.000000	20.000000	0.252254	-1.305370
8.000000	1.000000	-13.648780	-11.233533
8.000000	2.000000	-14.072387	-10.909926
8.000000	3.000000	-0.947214	0.674468
8.000000	4.000000	4.204102	2.461600
8.000000	5.000000	-6.639841	-8.829228
8.000000	6.000000	-2.155698	-11.004885
8.000000	7.000000	-7.893817	-11.311648
8.000000	8.000000	-8.789638	-7.039841
8.000000	9.000000	-3.008814	-11.195336
8.000000	10.000000	-2.147010	-14.004682
8.000000	11.000000	1.306231	0.096353
8.000000	12.000000	-5.691766	-11.195336
8.000000	13.000000	-0.579508	-3.823732
8.000000	14.000000	-13.545133	-7.721604
8.000000	15.000000	1.997542	-10.454024
8.000000	16.000000	2.929305	-13.704682
8.000000	17.000000	1.321681	-15.141814
8.000000	18.000000	1.319427	-15.627225
8.000000	19.000000	1.540780	-18.121120
8.000000	20.000000	-7.962916	-12.123452
9.000000	1.000000	-7.180041	-5.912336
9.000000	2.000000	-6.962336	-6.419098
9.000000	3.000000	-0.000000	0.753647
9.000000	4.000000	2.679180	1.151393
9.000000	5.000000	-3.694098	-4.416844
9.000000	6.000000	-1.305902	-5.787336
9.000000	7.000000	-4.394098	-5.643769
9.000000	8.000000	-6.364058	-4.136803
9.000000	9.000000	-0.971885	-6.709549
9.000000	10.000000	-2.160942	-8.233156
9.000000	11.000000	0.722746	1.043566
9.000000	12.000000	-3.183156	-7.036803
9.000000	13.000000	-1.018566	-1.860942
9.000000	14.000000	-9.212664	-4.483156
9.000000	15.000000	1.789058	-6.135942
9.000000	16.000000	2.018566	-7.778647
9.000000	17.000000	2.598075	-8.472746
9.000000	18.000000	0.903647	-9.213197
9.000000	19.000000	0.973607	-9.250532
9.000000	20.000000	-5.173607	-6.187336
10.000000	1.000000	9.211271	7.579508
10.000000	2.000000	9.769427	6.942705
10.000000	3.000000	0.947214	-0.208688
10.000000	4.000000	-2.548278	-1.750000
10.000000	5.000000	4.356763	6.099468
10.000000	6.000000	1.348607	7.428115
10.000000	7.000000	5.178115	7.823607
10.000000	8.000000	4.856434	4.483156
10.000000	9.000000	2.408156	7.048607
10.000000	10.000000	0.811475	8.916312
10.000000	11.000000	-0.859549	0.548607
10.000000	12.000000	3.724468	6.846353
10.000000	13.000000	-0.050000	2.673607
10.000000	14.000000	7.851393	4.950861
10.000000	15.000000	-0.891844	6.661803
10.000000	16.000000	-1.681763	8.897214
10.000000	17.000000	0.284017	9.905370
10.000000	18.000000	-0.760942	9.933156
10.000000	19.000000	-0.939058	12.403976
10.000000	20.000000	4.765451	8.299468
11.000000	1.000000	12.872919	10.596729
11.000000	2.000000	13.000174	10.709926
11.000000	3.000000	0.585410	-0.882624
11.000000	4.000000	-4.254102	-2.232953
11.000000	5.000000	6.386726	8.186522
11.000000	6.000000	2.139387	10.378163
11.000000	7.000000	7.594350	10.479024
11.000000	8.000000	9.365499	6.907546
11.000000	9.000000	2.460207	11.065828
11.000000	10.000000	2.662461	13.743740
11.000000	11.000000	-1.253976	-0.704508
11.000000	12.000000	5.485004	11.268082
11.000000	13.000000	0.987664	3.513322
11.000000	14.000000	14.065092	7.542956
11.000000	15.000000	-2.340248	10.253163
11.000000	16.000000	-3.057953	13.277428
11.000000	17.000000	-2.422542	14.594601
11.000000	18.000000	-1.373936	15.352225
11.000000	19.000000	-1.553976	16.916611
11.000000	20.000000	8.118817	11.316689
12.000000	1.000000	-1.255370	-1.030370
12.000000	2.000000	-1.734878	-0.323607
12.000000	3.000000	-0.585410	-0.336803
12.000000	4.000000	-0.080902	0.369959
12.000000	5.000000	-0.409549	-1.039919
12.000000	6.000000	-0.026393	-1.014058
12.000000	7.000000	-0.484549	-1.347214
12.000000	8.000000	0.931763	-0.214058
12.000000	9.000000	-0.887664	-0.209549
12.000000	10.000000	0.834017	-0.422214
12.000000	11.000000	0.084549	-0.984017
12.000000	12.000000	-0.334549	0.117705
12.000000	13.000000	0.660410	-0.502254
12.000000	14.000000	0.841312	-0.289058
12.000000	15.000000	-0.554508	-0.325000
12.000000	16.000000	-0.208156	-0.691312
12.000000	17.000000	-1.781231	-0.885410
12.000000	18.000000	-0.088197	-0.444959
12.000000	19.000000	-0.021353	-1.948936
12.000000	20.000000	0.252254	-1.305370
13.000000	1.000000	-13.648780	-11.233533
13.000000	2.000000	-14.072387	-10.909926
13.000000	3.000000	-0.947214	0.674468
13.000000	4.000000	4.204102	2.461600
13.000000	5.000000	-6.639841	-8.829228
13.000000	6.000000	-2.155698	-11.004885
13.000000	7.000000	-7.893817	-11.311648
13.000000	8.000000	-8.789638	-7.039841
13.000000	9.000000	-3.008814	-11.195336
13.000000	10.000000	-2.147010	-14.004682
13.000000	11.000000	1.306231	0.096353
13.000000	12.000000	-5.691766	-11.195336
13.000000	13.000000	-0.579508	-3.823732
13.000000	14.000000	-13.545133	-7.721604
13.000000	15.000000	1.997542	-10.454024
13.000000	16.000000	2.929305	-13.704682
13.000000	17.000000	1.321681	-15.141814
13.000000	18.000000	1.319427	-15.627225
13.000000	19.000000	1.540780	-18.121120
13.000000	20.000000	-7.962916	-12.123452
14.000000	1.000000	-7.180041	-5.912336
14.000000	2.000000	-6.962336	-6.419098
14.000000	3.000000	-0.000000	0.753647
14.000000	4.000000	2.679180	1.151393
14.000000	5.000000	-3.694098	-4.416844
14.000000	6.000000	-1.305902	-5.787336
14.000000	7.000000	-4.394098	-5.643769
14.000000	8.000000	-6.364058	-4.136803
14.000000	9.000000	-0.971885	-6.709549
14.000000	10.000000	-2.160942	-8.233156
14.000000	11.000000	0.722746	1.043566
14.000000	12.000000	-3.183156	-7.036803
14.000000	13.000000	-1.018566	-1.860942
14.000000	14.000000	-9.212664	-4.483156
14.000000	15.000000	1.789058	-6.135942
14.000000	16.000000	2.018566	-7.778647
14.000000	17.000000	2.598075	-8.472746
14.000000	18.000000	0.903647	-9.213197
14.000000	19.000000	0.973607	-9.250532
14.000000	20.000000	-5.173607	-6.187336
15.000000	1.000000	9.211271	7.579508
15.000000	2.000000	9.769427	6.942705
15.000000	3.000000	0.947214	-0.208688
15.000000	4.000000	-2.548278	-1.750000
15.000000	5.000000	4.356763	6.099468
15.000000	6.000000	1.348607	7.428115
15.000000	7.000000	5.178115	7.823607
15.000000	8.000000	4.856434	4.483156
15.000000	9.000000	2.408156	7.048607
15.000000	10.000000	0.811475	8.916312
15.000000	11.000000	-0.859549	0.548607
15.000000	12.000000	3.724468	6.846353
15.000000	13.000000	-0.050000	2.673607
15.000000	14.000000	7.851393	4.950861
15.000000	15.000000	-0.891844	6.661803
15.000000	16.000000	-1.681763	8.897214
15.000000	17.000000	0.284017	9.905370
15.000000	18.000000	-0.760942	9.933156
15.000000	19.000000	-0.939058	12.403976
15.000000	20.000000	4.765451	8.299468
16.000000	1.000000	12.872919	10.596729
16.000000	2.000000	13.000174	10.709926
16.000000	3.000000	0.585410	-0.882624
16.000000	4.000000	-4.254102	-2.232953
16.000000	5.000000	6.386726	8.186522
16.000000	6.000000	2.139387	10.378163
16.000000	7.000000	7.594350	10.479024
16.000000	8.000000	9.365499	6.907546
16.000000	9.000000	2.460207	11.065828
16.000000	10.000000	2.662461	13.743740
16.000000	11.000000	-1.253976	-0.704508
16.000000	12.000000	5.485004	11.268082
16.000000	13.000000	0.987664	3.513322
16.000000	14.000000	14.065092	7.542956
16.000000	15.000000	-2.340248	10.253163
16.000000	16.000000	-3.057953	13.277428
16.000000	17.000000	-2.422542	14.594601
16.000000	18.000000	-1.373936	15.352225
16.000000	19.000000	-1.553976	16.916611
16.000000	20.000000	8.118817	11.316689
17.000000	1.000000	-1.255370	-1.030370
17.000000	2.000000	-1.734878	-0.323607
17.000000	3.000000	-0.585410	-0.336803
17.000000	4.000000	-0.080902	0.369959
17.000000	5.000000	-0.409549	-1.039919
17.000000	6.000000	-0.026393	-1.014058
17.000000	7.000000	-0.484549	-1.347214
17.000000	8.000000	0.931763	-0.214058
17.000000	9.000000	-0.887664	-0.209549
17.000000	10.000000	0.834017	-0.422214
17.000000	11.000000	0.084549	-0.984017
17.000000	12.000000	-0.334549	0.117705
17.000000	13.000000	0.660410	-0.502254
17.000000	14.000000	0.841312	-0.289058
17.000000	15.000000	-0.554508	-0.325000
17.000000	16.000000	-0.208156	-0.691312
17.000000	17.000000	-1.781231	-0.885410
17.000000	18.000000	-0.088197	-0.444959
17.000000	19.000000	-0.021353	-1.948936
17.000000	20.000000	0.252254	-1.305370
18.000000	1.000000	-13.648780	-11.233533
18.000000	2.000000	-14.072387	-10.909926
18.000000	3.000000	-0.947214	0.674468
18.000000	4.000000	4.204102	2.461600
18.000000	5.000000	-6.639841	-8.829228
18.000000	6.000000	-2.155698	-11.004885
18.000000	7.000000	-7.893817	-11.311648
18.000000	8.000000	-8.789638	-7.039841
18.000000	9.000000	-3.008814	-11.195336
18.000000	10.000000	-2.147010	-14.004682
18.000000	11.000000	1.306231	0.096353
18.000000	12.000000	-5.691766	-11.195336
18.000000	13.000000	-0.579508	-3.823732
18.000000	14.000000	-13.545133	-7.721604
18.000000	15.000000	1.997542	-10.454024
18.000000	16.000000	2.929305	-13.704682
18.000000	17.000000	1.321681	-15.141814
18.000000	18.000000	1.319427	-15.627225
18.000000	19.000000	1.540780	-18.121120
18.000000	20.000000	-7.962916	-12.123452
19.000000	1.000000	-7.180041	-5.912336
19.000000	2.000000	-6.962336	-6.419098
19.000000	3.000000	-0.000000	0.753647
19.000000	4.000000	2.679180	1.151393
19.000000	5.000000	-3.694098	-4.416844
19.000000	6.000000	-1.305902	-5.787336
19.000000	7.000000	-4.394098	-5.643769
19.000000	8.000000	-6.364058	-4.136803
19.000000	9.000000	-0.971885	-6.709549
19.000000	10.000000	-2.160942	-8.233156
19.000000	11.000000	0.722746	1.043566
19.000000	12.000000	-3.183156	-7.036803
19.000000	13.000000	-1.018566	-1.860942
19.000000	14.000000	-9.212664	-4.483156
19.000000	15.000000	1.789058	-6.135942
19.000000	16.000000	2.018566	-7.778647
19.000000	17.000000	2.598075	-8.472746
19.000000	18.000000	0.903647	-9.213197
19.000000	19.000000	0.973607	-9.250532
19.000000	20.000000	-5.173607	-6.187336
