0.000000	1.000000	-6.171589	5.771362
0.000000	2.000000	19.193508	3.410569
0.000000	3.000000	18.605022	2.031938
0.000000	4.000000	-7.974830	0.762401
0.000000	5.000000	17.631477	3.888953
0.000000	6.000000	7.564126	-3.162747
0.000000	7.000000	-25.672453	0.656029
0.000000	8.000000	-23.954287	4.963536
0.000000	9.000000	22.877864	3.532770
0.000000	10.000000	15.606405	3.065305
0.000000	11.000000	-0.731178	-0.828596
0.000000	12.000000	0.690510	-6.211501
0.000000	13.000000	19.351467	1.923251
0.000000	14.000000	22.113831	4.945739
0.000000	15.000000	-16.983411	-0.025560
0.000000	16.000000	-28.870993	1.465192
0.000000	17.000000	13.368073	4.139125
0.000000	18.000000	-4.765833	-2.460288
0.000000	19.000000	-7.250857	0.607604
0.000000	20.000000	-31.853982	-14.137021
1.000000	1.000000	-8.355771	13.148621
1.000000	2.000000	46.145286	6.657383
1.000000	3.000000	46.028859	5.676378
1.000000	4.000000	-11.077964	-4.221259
1.000000	5.000000	40.662168	9.363245
1.000000	6.000000	8.030609	8.348861
1.000000	7.000000	-68.437100	-1.372087
1.000000	8.000000	0.849975	20.468730
1.000000	9.000000	57.363010	8.504249
1.000000	10.000000	44.126197	8.728660
1.000000	11.000000	25.629225	2.949344
1.000000	12.000000	58.155180	-14.190561
1.000000	13.000000	49.314664	6.364809
1.000000	14.000000	48.917568	10.245113
1.000000	15.000000	-57.590978	-1.155943
1.000000	16.000000	-82.038999	-1.581389
1.000000	17.000000	30.871241	8.324128
1.000000	18.000000	-36.096552	-6.274779
1.000000	19.000000	-62.133948	1.063990
1.000000	20.000000	26.684133	-19.029496
2.000000	1.000000	-9.722031	19.238801
2.000000	2.000000	68.580043	9.252527
2.000000	3.000000	68.947070	8.765175
2.000000	4.000000	-13.096709	-8.791713
2.000000	5.000000	59.712562	13.920998
2.000000	6.000000	7.710999	19.043224
2.000000	7.000000	-104.502647	-3.265894
2.000000	8.000000	25.571034	33.970302
2.000000	9.000000	86.233064	12.643273
2.000000	10.000000	68.326609	13.537594
2.000000	11.000000	49.480861	6.438582
2.000000	12.000000	109.927216	-20.780550
2.000000	13.000000	74.450598	10.183334
2.000000	14.000000	70.932913	14.541623
2.000000	15.000000	-92.561139	-2.173174
2.000000	16.000000	-127.176456	-4.473172
2.000000	17.000000	45.352516	11.694307
2.000000	18.000000	-63.893890	-9.475051
2.000000	19.000000	-110.934934	1.416226
2.000000	20.000000	82.610219	-22.059230
3.000000	1.000000	-10.136632	23.445753
3.000000	2.000000	84.301707	10.941969
3.000000	3.000000	85.116262	10.995975
3.000000	4.000000	-13.833458	-12.501572
3.000000	5.000000	72.917874	17.116066
3.000000	6.000000	6.636584	27.873503
3.000000	7.000000	-130.338747	-4.840012
3.000000	8.000000	47.789023	44.146625
3.000000	9.000000	106.662026	15.544685
3.000000	10.000000	85.838736	17.021374
3.000000	11.000000	68.488966	9.297567
3.000000	12.000000	150.938810	-25.336394
3.000000	13.000000	92.298789	13.005045
3.000000	14.000000	86.004850	17.414698
3.000000	15.000000	-118.470771	-2.977679
3.000000	16.000000	-159.864996	-6.927090
3.000000	17.000000	55.394372	13.919766
3.000000	18.000000	-85.436849	-11.747839
3.000000	19.000000	-148.876837	1.629831
3.000000	20.000000	130.449842	-22.929654
4.000000	1.000000	-9.558988	25.357672
4.000000	2.000000	91.771332	11.560335
4.000000	3.000000	92.953681	12.150413
4.000000	4.000000	-13.216091	-14.987691
4.000000	5.000000	78.985477	18.635694
4.000000	6.000000	4.912533	33.975330
4.000000	7.000000	-143.416382	-5.940355
4.000000	8.000000	65.329090	50.001568
4.000000	9.000000	116.650165	16.924475
4.000000	10.000000	94.948370	18.838982
4.000000	11.000000	80.792894	11.246441
4.000000	12.000000	177.175462	-27.412135
4.000000	13.000000	101.112131	14.553730
4.000000	14.000000	92.658033	18.583101
4.000000	15.000000	-132.783659	-3.490709
4.000000	16.000000	-176.904836	-8.702936
4.000000	17.000000	60.013840	14.782661
4.000000	18.000000	-98.616654	-12.870667
4.000000	19.000000	-172.245637	1.683897
4.000000	20.000000	165.520124	-21.555563
5.000000	1.000000	-8.045644	24.787405
5.000000	2.000000	90.257740	11.047094
5.000000	3.000000	91.692146	12.115484
5.000000	4.000000	-11.305041	-16.006710
5.000000	5.000000	77.321431	18.331131
5.000000	6.000000	2.707610	36.751415
5.000000	7.000000	-142.455422	-6.459216
5.000000	8.000000	76.474289	50.962009
5.000000	9.000000	115.219773	16.647579
5.000000	10.000000	94.763796	18.812501
5.000000	11.000000	85.188250	12.094435
5.000000	12.000000	186.068945	-26.804586
5.000000	13.000000	100.027913	14.677796
5.000000	14.000000	90.241203	17.932461
5.000000	15.000000	-134.098757	-3.662044
5.000000	16.000000	-176.627998	-9.626878
5.000000	17.000000	58.758736	14.198527
5.000000	18.000000	-102.143173	-12.733624
5.000000	19.000000	-178.753834	1.573132
5.000000	20.000000	184.388144	-18.071464
6.000000	1.000000	-5.744736	21.790774
6.000000	2.000000	79.909092	9.452487
6.000000	3.000000	81.455145	10.894606
6.000000	4.000000	-8.287375	-15.458881
6.000000	5.000000	68.088625	16.232188
6.000000	6.000000	0.237647	35.930015
6.000000	7.000000	-127.549934	-6.345803
6.000000	8.000000	80.133653	46.933934
6.000000	9.000000	102.510867	14.741103
6.000000	10.000000	85.303081	16.944520
6.000000	11.000000	81.244787	11.758542
6.000000	12.000000	176.748704	-23.573217
6.000000	13.000000	89.152267	13.365096
6.000000	14.000000	78.990935	15.526466
6.000000	15.000000	-122.287334	-3.474912
6.000000	16.000000	-159.061581	-9.608474
6.000000	17.000000	51.751917	12.224542
6.000000	18.000000	-95.671207	-11.350125
6.000000	19.000000	-167.764361	1.308377
6.000000	20.000000	185.206968	-12.818404
7.000000	1.000000	-2.881494	16.661111
7.000000	2.000000	61.738385	6.932605
7.000000	3.000000	63.244746	8.607289
7.000000	4.000000	-4.458482	-13.397828
7.000000	5.000000	52.190830	12.544327
7.000000	6.000000	-2.255579	31.591535
7.000000	7.000000	-100.158968	-5.611219
7.000000	8.000000	75.948976	38.311638
7.000000	9.000000	79.767484	11.391664
7.000000	10.000000	67.492307	13.417892
7.000000	11.000000	69.348518	10.271640
7.000000	12.000000	150.127068	-18.034337
7.000000	13.000000	69.549775	10.744128
7.000000	14.000000	60.008483	11.600633
7.000000	15.000000	-98.505575	-2.947632
7.000000	16.000000	-125.925108	-8.649526
7.000000	17.000000	39.679260	9.053933
7.000000	18.000000	-79.834277	-8.855597
7.000000	19.000000	-140.352943	0.915549
7.000000	20.000000	167.896443	-6.310589
8.000000	1.000000	0.263810	9.900541
8.000000	2.000000	37.524295	3.734111
8.000000	3.000000	38.843512	5.477430
8.000000	4.000000	-0.193163	-10.025303
8.000000	5.000000	31.184232	7.628539
8.000000	6.000000	-4.528013	24.160655
8.000000	7.000000	-62.963746	-4.327370
8.000000	8.000000	64.329884	25.939132
8.000000	9.000000	49.215903	6.927131
8.000000	10.000000	43.074915	8.577827
8.000000	11.000000	50.663933	7.779279
8.000000	12.000000	108.809948	-10.730131
8.000000	13.000000	43.139267	7.071449
8.000000	14.000000	35.151983	6.539249
8.000000	15.000000	-65.081404	-2.131817
8.000000	16.000000	-80.462209	-6.843902
8.000000	17.000000	23.722520	4.997062
8.000000	18.000000	-56.182611	-5.494221
8.000000	19.000000	-99.202801	0.433101
8.000000	20.000000	134.151044	0.814951
9.000000	1.000000	3.383289	2.170838
9.000000	2.000000	9.637065	0.170096
9.000000	3.000000	10.640004	1.811403
9.000000	4.000000	4.091065	-5.671432
9.000000	5.000000	7.125105	1.966016
9.000000	6.000000	-6.357214	14.364763
9.000000	7.000000	-19.605193	-2.619928
9.000000	8.000000	46.413735	11.027523
9.000000	9.000000	13.846727	1.784521
9.000000	10.000000	14.441050	2.898105
9.000000	11.000000	27.020009	4.525428
9.000000	12.000000	56.841753	-2.375584
9.000000	13.000000	12.505987	2.706568
9.000000	14.000000	6.854563	0.837758
9.000000	15.000000	-25.286611	-1.107325
9.000000	16.000000	-27.123107	-4.368349
9.000000	17.000000	5.443655	0.451045
9.000000	18.000000	-27.031400	-1.595033
9.000000	19.000000	-48.341997	-0.091742
9.000000	20.000000	87.274007	7.860717
10.000000	1.000000	6.171589	-5.771362
10.000000	2.000000	-19.193508	-3.410569
10.000000	3.000000	-18.605022	-2.031938
10.000000	4.000000	7.974830	-0.762401
10.000000	5.000000	-17.631477	-3.888953
10.000000	6.000000	-7.564126	3.162747
10.000000	7.000000	25.672453	-0.656029
10.000000	8.000000	23.954287	-4.963536
10.000000	9.000000	-22.877864	-3.532770
10.000000	10.000000	-15.606405	-3.065305
10.000000	11.000000	0.731178	0.828596
10.000000	12.000000	-0.690510	6.211501
10.000000	13.000000	-19.351467	-1.923251
10.000000	14.000000	-22.113831	-4.945739
10.000000	15.000000	16.983411	0.025560
10.000000	16.000000	28.870993	-1.465192
10.000000	17.000000	-13.368073	-4.139125
10.000000	18.000000	4.765833	2.460288
10.000000	19.000000	7.250857	-0.607604
10.000000	20.000000	31.853982	14.137021
11.000000	1.000000	8.355771	-13.148621
11.000000	2.000000	-46.145286	-6.657383
11.000000	3.000000	-46.028859	-5.676378
11.000000	4.000000	11.077964	4.221259
11.000000	5.000000	-40.662168	-9.363245
11.000000	6.000000	-8.030609	-8.348861
11.000000	7.000000	68.437100	1.372087
11.000000	8.000000	-0.849975	-20.468730
11.000000	9.000000	-57.363010	-8.504249
11.000000	10.000000	-44.126197	-8.728660
11.000000	11.000000	-25.629225	-2.949344
11.000000	12.000000	-58.155180	14.190561
11.000000	13.000000	-49.314664	-6.364809
11.000000	14.000000	-48.917568	-10.245113
11.000000	15.000000	57.590978	1.155943
11.000000	16.000000	82.038999	1.581389
11.000000	17.000000	-30.871241	-8.324128
11.000000	18.000000	36.096552	6.274779
11.000000	19.000000	62.133948	-1.063990
11.000000	20.000000	-26.684133	19.029496
12.000000	1.000000	9.722031	-19.238801
12.000000	2.000000	-68.580043	-9.252527
12.000000	3.000000	-68.947070	-8.765175
12.000000	4.000000	13.096709	8.791713
12.000000	5.000000	-59.712562	-13.920998
12.000000	6.000000	-7.710999	-19.043224
12.000000	7.000000	104.502647	3.265894
12.000000	8.000000	-25.571034	-33.970302
12.000000	9.000000	-86.233064	-12.643273
12.000000	10.000000	-68.326609	-13.537594
12.000000	11.000000	-49.480861	-6.438582
12.000000	12.000000	-109.927216	20.780550
12.000000	13.000000	-74.450598	-10.183334
12.000000	14.000000	-70.932913	-14.541623
12.000000	15.000000	92.561139	2.173174
12.000000	16.000000	127.176456	4.473172
12.000000	17.000000	-45.352516	-11.694307
12.000000	18.000000	63.893890	9.475051
12.000000	19.000000	110.934934	-1.416226
12.000000	20.000000	-82.610219	22.059230
13.000000	1.000000	10.136632	-23.445753
13.000000	2.000000	-84.301707	-10.941969
13.000000	3.000000	-85.116262	-10.995975
13.000000	4.000000	13.833458	12.501572
13.000000	5.000000	-72.917874	-17.116066
13.000000	6.000000	-6.636584	-27.873503
13.000000	7.000000	130.338747	4.840012
13.000000	8.000000	-47.789023	-44.146625
13.000000	9.000000	-106.662026	-15.544685
13.000000	10.000000	-85.838736	-17.021374
13.000000	11.000000	-68.488966	-9.297567
13.000000	12.000000	-150.938810	25.336394
13.000000	13.000000	-92.298789	-13.005045
13.000000	14.000000	-86.004850	-17.414698
13.000000	15.000000	118.470771	2.977679
13.000000	16.000000	159.864996	6.927090
13.000000	17.000000	-55.394372	-13.919766
13.000000	18.000000	85.436849	11.747839
13.000000	19.000000	148.876837	-1.629831
13.000000	20.000000	-130.449842	22.929654
14.000000	1.000000	9.558988	-25.357672
14.000000	2.000000	-91.771332	-11.560335
14.000000	3.000000	-92.953681	-12.150413
14.000000	4.000000	13.216091	14.987691
14.000000	5.000000	-78.985477	-18.635694
14.000000	6.000000	-4.912533	-33.975330
14.000000	7.000000	143.416382	5.940355
14.000000	8.000000	-65.329090	-50.001568
14.000000	9.000000	-116.650165	-16.924475
14.000000	10.000000	-94.948370	-18.838982
14.000000	11.000000	-80.792894	-11.246441
14.000000	12.000000	-177.175462	27.412135
14.000000	13.000000	-101.112131	-14.553730
14.000000	14.000000	-92.658033	-18.583101
14.000000	15.000000	132.783659	3.490709
14.000000	16.000000	176.904836	8.702936
14.000000	17.000000	-60.013840	-14.782661
14.000000	18.000000	98.616654	12.870667
14.000000	19.000000	172.245637	-1.683897
14.000000	20.000000	-165.520124	21.555563
15.000000	1.000000	8.045644	-24.787405
15.000000	2.000000	-90.257740	-11.047094
15.000000	3.000000	-91.692146	-12.115484
15.000000	4.000000	11.305041	16.006710
15.000000	5.000000	-77.321431	-18.331131
15.000000	6.000000	-2.707610	-36.751415
15.000000	7.000000	142.455422	6.459216
15.000000	8.000000	-76.474289	-50.962009
15.000000	9.000000	-115.219773	-16.647579
15.000000	10.000000	-94.763796	-18.812501
15.000000	11.000000	-85.188250	-12.094435
15.000000	12.000000	-186.068945	26.804586
15.000000	13.000000	-100.027913	-14.677796
15.000000	14.000000	-90.241203	-17.932461
15.000000	15.000000	134.098757	3.662044
15.000000	16.000000	176.627998	9.626878
15.000000	17.000000	-58.758736	-14.198527
15.000000	18.000000	102.143173	12.733624
15.000000	19.000000	178.753834	-1.573132
15.000000	20.000000	-184.388144	18.071464
16.000000	1.000000	5.744736	-21.790774
16.000000	2.000000	-79.909092	-9.452487
16.000000	3.000000	-81.455145	-10.894606
16.000000	4.000000	8.287375	15.458881
16.000000	5.000000	-68.088625	-16.232188
16.000000	6.000000	-0.237647	-35.930015
16.000000	7.000000	127.549934	6.345803
16.000000	8.000000	-80.133653	-46.933934
16.000000	9.000000	-102.510867	-14.741103
16.000000	10.000000	-85.303081	-16.944520
16.000000	11.000000	-81.244787	-11.758542
16.000000	12.000000	-176.748704	23.573217
16.000000	13.000000	-89.152267	-13.365096
16.000000	14.000000	-78.990935	-15.526466
16.000000	15.000000	122.287334	3.474912
16.000000	16.000000	159.061581	9.608474
16.000000	17.000000	-51.751917	-12.224542
16.000000	18.000000	95.671207	11.350125
16.000000	19.000000	167.764361	-1.308377
16.000000	20.000000	-185.206968	12.818404
17.000000	1.000000	2.881494	-16.661111
17.000000	2.000000	-61.738385	-6.932605
17.000000	3.000000	-63.244746	-8.607289
17.000000	4.000000	4.458482	13.397828
17.000000	5.000000	-52.190830	-12.544327
17.000000	6.000000	2.255579	-31.591535
17.000000	7.000000	100.158968	5.611219
17.000000	8.000000	-75.948976	-38.311638
17.000000	9.000000	-79.767484	-11.391664
17.000000	10.000000	-67.492307	-13.417892
17.000000	11.000000	-69.348518	-10.271640
17.000000	12.000000	-150.127068	18.034337
17.000000	13.000000	-69.549775	-10.744128
17.000000	14.000000	-60.008483	-11.600633
17.000000	15.000000	98.505575	2.947632
17.000000	16.000000	125.925108	8.649526
17.000000	17.000000	-39.679260	-9.053933
17.000000	18.000000	79.834277	8.855597
17.000000	19.000000	140.352943	-0.915549
17.000000	20.000000	-167.896443	6.310589
18.000000	1.000000	-0.263810	-9.900541
18.000000	2.000000	-37.524295	-3.734111
18.000000	3.000000	-38.843512	-5.477430
18.000000	4.000000	0.193163	10.025303
18.000000	5.000000	-31.184232	-7.628539
18.000000	6.000000	4.528013	-24.160655
18.000000	7.000000	62.963746	4.327370
18.000000	8.000000	-64.329884	-25.939132
18.000000	9.000000	-49.215903	-6.927131
18.000000	10.000000	-43.074915	-8.577827
18.000000	11.000000	-50.663933	-7.779279
18.000000	12.000000	-108.809948	10.730131
18.000000	13.000000	-43.139267	-7.071449
18.000000	14.000000	-35.151983	-6.539249
18.000000	15.000000	65.081404	2.131817
18.000000	16.000000	80.462209	6.843902
18.000000	17.000000	-23.722520	-4.997062
18.000000	18.000000	56.182611	5.494221
18.000000	19.000000	99.202801	-0.433101
18.000000	20.000000	-134.151044	-0.814951
19.000000	1.000000	-3.383289	-2.170838
19.000000	2.000000	-9.637065	-0.170096
19.000000	3.000000	-10.640004	-1.811403
19.000000	4.000000	-4.091065	5.671432
19.000000	5.000000	-7.125105	-1.966016
19.000000	6.000000	6.357214	-14.364763
19.000000	7.000000	19.605193	2.619928
19.000000	8.000000	-46.413735	-11.027523
19.000000	9.000000	-13.846727	-1.784521
19.000000	10.000000	-14.441050	-2.898105
19.000000	11.000000	-27.020009	-4.525428
19.000000	12.000000	-56.841753	2.375584
19.000000	13.000000	-12.505987	-2.706568
19.000000	14.000000	-6.854563	-0.837758
19.000000	15.000000	25.286611	1.107325
19.000000	16.000000	27.123107	4.368349
19.000000	17.000000	-5.443655	-0.451045
19.000000	18.000000	27.031400	1.595033
19.000000	19.000000	48.341997	0.091742
19.000000	20.000000	-87.274007	-7.860717
