0.000000	1.000000	0.017431	4.578411
0.000000	2.000000	0.880842	6.169351
0.000000	3.000000	0.543924	3.486355
0.000000	4.000000	0.252567	6.130380
0.000000	5.000000	8.305304	7.231950
0.000000	6.000000	-3.490307	11.156518
0.000000	7.000000	5.157700	-5.314883
0.000000	8.000000	1.631433	5.853297
0.000000	9.000000	-10.857679	12.553628
0.000000	10.000000	-2.737249	8.102151
0.000000	11.000000	3.958072	10.031240
0.000000	12.000000	-2.144965	9.644305
0.000000	13.000000	9.516549	8.697752
0.000000	14.000000	-3.932873	5.366480
0.000000	15.000000	8.217616	8.357159
0.000000	16.000000	-10.422559	7.940455
0.000000	17.000000	2.107296	4.017940
0.000000	18.000000	-4.229609	7.440663
0.000000	19.000000	13.590896	1.480832
0.000000	20.000000	-10.831344	5.411608
1.000000	1.000000	0.626844	10.336322
1.000000	2.000000	1.518912	12.048681
1.000000	3.000000	1.827948	6.700543
1.000000	4.000000	1.046341	11.265693
1.000000	5.000000	22.673507	16.072345
1.000000	6.000000	-8.637925	22.626505
1.000000	7.000000	12.516465	-10.499899
1.000000	8.000000	1.718066	11.638674
1.000000	9.000000	-19.835287	24.621336
1.000000	10.000000	-5.811405	15.290719
1.000000	11.000000	8.332566	19.233061
1.000000	12.000000	-5.435459	21.136287
1.000000	13.000000	21.990208	18.041911
1.000000	14.000000	-11.410614	10.501578
1.000000	15.000000	20.996809	16.662525
1.000000	16.000000	-23.909241	14.612277
1.000000	17.000000	3.060443	10.697066
1.000000	18.000000	-9.499701	13.189267
1.000000	19.000000	28.436164	3.349026
1.000000	20.000000	-21.787616	12.664802
2.000000	1.000000	0.719469	7.572664
2.000000	2.000000	0.904746	7.994722
2.000000	3.000000	1.604959	4.390606
2.000000	4.000000	0.977481	7.113236
2.000000	5.000000	18.349002	11.662225
2.000000	6.000000	-6.664184	15.442535
2.000000	7.000000	9.556287	-7.028488
2.000000	8.000000	0.388275	7.828785
2.000000	9.000000	-12.460099	16.390488
2.000000	10.000000	-4.094467	9.873167
2.000000	11.000000	5.837447	12.578579
2.000000	12.000000	-4.244801	15.202890
2.000000	13.000000	16.334491	12.511786
2.000000	14.000000	-9.481108	6.978865
2.000000	15.000000	16.465613	11.230814
2.000000	16.000000	-17.684439	9.237307
2.000000	17.000000	1.490471	8.557215
2.000000	18.000000	-6.937959	8.064250
2.000000	19.000000	19.837820	2.456184
2.000000	20.000000	-14.781535	9.476760
3.000000	1.000000	0.218942	-1.434121
3.000000	2.000000	-0.455319	-2.650321
3.000000	3.000000	0.058794	-1.539076
3.000000	4.000000	0.102756	-2.903582
3.000000	5.000000	-1.102962	-2.362578
3.000000	6.000000	0.803708	-4.472717
3.000000	7.000000	-1.282376	2.237416
3.000000	8.000000	-1.261622	-2.435385
3.000000	9.000000	5.187562	-5.353162
3.000000	10.000000	0.998070	-3.684114
3.000000	11.000000	-1.470236	-4.446055
3.000000	12.000000	0.445397	-3.264218
3.000000	13.000000	-2.787862	-3.333424
3.000000	14.000000	0.264903	-2.297430
3.000000	15.000000	-1.640319	-3.459911
3.000000	16.000000	3.119936	-3.753171
3.000000	17.000000	-1.308289	-0.637457
3.000000	18.000000	1.343641	-3.709172
3.000000	19.000000	-5.115409	-0.461608
3.000000	20.000000	4.410879	-1.524203
4.000000	1.000000	-0.462087	-9.258575
4.000000	2.000000	-1.440006	-11.110361
4.000000	3.000000	-1.535842	-6.199899
4.000000	4.000000	-0.856683	-10.526602
4.000000	5.000000	-19.645611	-14.439601
4.000000	6.000000	7.608998	-20.700529
4.000000	7.000000	-11.063810	9.658728
4.000000	8.000000	-1.871400	-10.691752
4.000000	9.000000	18.558444	-22.683507
4.000000	10.000000	5.267769	-14.204104
4.000000	11.000000	-7.565813	-17.805230
4.000000	12.000000	4.768396	-19.040208
4.000000	13.000000	-19.611820	-16.430462
4.000000	14.000000	9.792520	-9.679656
4.000000	15.000000	-18.393924	-15.298184
4.000000	16.000000	21.352144	-13.649425
4.000000	17.000000	-3.028457	-9.306590
4.000000	18.000000	8.517504	-12.424644
4.000000	19.000000	-25.851343	-2.998837
4.000000	20.000000	19.966835	-11.268568
5.000000	1.000000	-0.762158	-9.449986
5.000000	2.000000	-1.237510	-10.410692
5.000000	3.000000	-1.864285	-5.749342
5.000000	4.000000	-1.109848	-9.471180
5.000000	5.000000	-21.991840	-14.612192
5.000000	6.000000	8.141207	-19.862214
5.000000	7.000000	-11.723913	9.117100
5.000000	8.000000	-0.938341	-10.133523
5.000000	9.000000	16.629198	-21.312900
5.000000	10.000000	5.194564	-13.013811
5.000000	11.000000	-7.423910	-16.485249
5.000000	12.000000	5.160189	-19.118889
5.000000	13.000000	-20.267214	-15.981742
5.000000	14.000000	11.246895	-9.081688
5.000000	15.000000	-19.983036	-14.524183
5.000000	16.000000	21.981015	-12.292690
5.000000	17.000000	-2.251876	-10.303096
5.000000	18.000000	8.669285	-10.896872
5.000000	19.000000	-25.274668	-3.063736
5.000000	20.000000	19.061542	-11.722793
6.000000	1.000000	-0.433883	-1.850550
6.000000	2.000000	-0.014774	-1.128142
6.000000	3.000000	-0.655756	-0.558858
6.000000	4.000000	-0.448021	-0.607438
6.000000	5.000000	-6.207347	-2.738060
6.000000	6.000000	1.961564	-2.648904
6.000000	7.000000	-2.718476	1.059066
6.000000	8.000000	0.768314	-1.220919
6.000000	9.000000	0.990350	-2.371310
6.000000	10.000000	0.838807	-1.094549
6.000000	11.000000	-1.161517	-1.574342
6.000000	12.000000	1.297770	-3.435394
6.000000	13.000000	-4.213720	-2.357203
6.000000	14.000000	3.428998	-0.996508
6.000000	15.000000	-5.097543	-1.776017
6.000000	16.000000	4.488088	-0.801499
6.000000	17.000000	0.381219	-2.805426
6.000000	18.000000	1.673853	-0.385398
6.000000	19.000000	-3.860811	-0.602801
6.000000	20.000000	2.441353	-2.512402
7.000000	1.000000	0.252097	7.274534
7.000000	2.000000	1.220142	9.084482
7.000000	3.000000	1.093398	5.092365
7.000000	4.000000	0.583167	8.757094
7.000000	5.000000	14.694666	11.393409
7.000000	6.000000	-5.835250	16.748241
7.000000	7.000000	8.528152	-7.872093
7.000000	8.000000	1.841548	8.698247
7.000000	9.000000	-15.464971	18.525258
7.000000	10.000000	-4.208487	11.727092
7.000000	11.000000	6.058465	14.634499
7.000000	12.000000	-3.634569	15.080341
7.000000	13.000000	15.313690	13.210684
7.000000	14.000000	-7.215866	7.910222
7.000000	15.000000	13.990515	12.436350
7.000000	16.000000	-16.704950	11.350471
7.000000	17.000000	2.700025	7.005120
7.000000	18.000000	-6.701554	10.443810
7.000000	19.000000	20.736013	2.355101
7.000000	20.000000	-16.191560	8.769288
8.000000	1.000000	0.730241	10.402278
8.000000	2.000000	1.449137	11.807591
8.000000	3.000000	1.941122	6.545292
8.000000	4.000000	1.133576	10.902019
8.000000	5.000000	23.481963	16.131816
8.000000	6.000000	-8.821312	22.337642
8.000000	7.000000	12.743921	-10.313266
8.000000	8.000000	1.396556	11.446322
8.000000	9.000000	-19.170514	24.149057
8.000000	10.000000	-5.786180	14.880572
8.000000	11.000000	8.283670	18.778227
8.000000	12.000000	-5.570462	21.163399
8.000000	13.000000	22.216042	17.887293
8.000000	14.000000	-11.911757	10.295532
8.000000	15.000000	21.544379	16.395823
8.000000	16.000000	-24.125935	14.144778
8.000000	17.000000	2.792851	11.040439
8.000000	18.000000	-9.552001	12.662832
8.000000	19.000000	28.237456	3.371389
8.000000	20.000000	-21.475673	12.821318
9.000000	1.000000	0.606353	4.954077
9.000000	2.000000	0.483420	4.796173
9.000000	3.000000	1.188528	2.602087
9.000000	4.000000	0.749431	4.058999
9.000000	5.000000	12.910037	7.570678
9.000000	6.000000	-4.534824	9.511232
9.000000	7.000000	6.453225	-4.251879
9.000000	8.000000	-0.199798	4.757711
9.000000	9.000000	-7.071320	9.863661
9.000000	10.000000	-2.593576	5.766070
9.000000	11.000000	3.679573	7.440631
9.000000	12.000000	-2.913902	9.798726
9.000000	13.000000	10.802834	7.817090
9.000000	14.000000	-6.787244	4.192902
9.000000	15.000000	11.336422	6.838096
9.000000	16.000000	-11.656788	5.277713
9.000000	17.000000	0.583168	5.973694
9.000000	18.000000	-4.527497	4.442243
9.000000	19.000000	12.459107	1.608204
9.000000	20.000000	-9.054608	6.303075
10.000000	1.000000	-0.017431	-4.578411
10.000000	2.000000	-0.880842	-6.169351
10.000000	3.000000	-0.543924	-3.486355
10.000000	4.000000	-0.252567	-6.130380
10.000000	5.000000	-8.305304	-7.231950
10.000000	6.000000	3.490307	-11.156518
10.000000	7.000000	-5.157700	5.314883
10.000000	8.000000	-1.631433	-5.853297
10.000000	9.000000	10.857679	-12.553628
10.000000	10.000000	2.737249	-8.102151
10.000000	11.000000	-3.958072	-10.031240
10.000000	12.000000	2.144965	-9.644305
10.000000	13.000000	-9.516549	-8.697752
10.000000	14.000000	3.932873	-5.366480
10.000000	15.000000	-8.217616	-8.357159
10.000000	16.000000	10.422559	-7.940455
10.000000	17.000000	-2.107296	-4.017940
10.000000	18.000000	4.229609	-7.440663
10.000000	19.000000	-13.590896	-1.480832
10.000000	20.000000	10.831344	-5.411608
11.000000	1.000000	-0.626844	-10.336322
11.000000	2.000000	-1.518912	-12.048681
11.000000	3.000000	-1.827948	-6.700543
11.000000	4.000000	-1.046341	-11.265693
11.000000	5.000000	-22.673507	-16.072345
11.000000	6.000000	8.637925	-22.626505
11.000000	7.000000	-12.516465	10.499899
11.000000	8.000000	-1.718066	-11.638674
11.000000	9.000000	19.835287	-24.621336
11.000000	10.000000	5.811405	-15.290719
11.000000	11.000000	-8.332566	-19.233061
11.000000	12.000000	5.435459	-21.136287
11.000000	13.000000	-21.990208	-18.041911
11.000000	14.000000	11.410614	-10.501578
11.000000	15.000000	-20.996809	-16.662525
11.000000	16.000000	23.909241	-14.612277
11.000000	17.000000	-3.060443	-10.697066
11.000000	18.000000	9.499701	-13.189267
11.000000	19.000000	-28.436164	-3.349026
11.000000	20.000000	21.787616	-12.664802
12.000000	1.000000	-0.719469	-7.572664
12.000000	2.000000	-0.904746	-7.994722
12.000000	3.000000	-1.604959	-4.390606
12.000000	4.000000	-0.977481	-7.113236
12.000000	5.000000	-18.349002	-11.662225
12.000000	6.000000	6.664184	-15.442535
12.000000	7.000000	-9.556287	7.028488
12.000000	8.000000	-0.388275	-7.828785
12.000000	9.000000	12.460099	-16.390488
12.000000	10.000000	4.094467	-9.873167
12.000000	11.000000	-5.837447	-12.578579
12.000000	12.000000	4.244801	-15.202890
12.000000	13.000000	-16.334491	-12.511786
12.000000	14.000000	9.481108	-6.978865
12.000000	15.000000	-16.465613	-11.230814
12.000000	16.000000	17.684439	-9.237307
12.000000	17.000000	-1.490471	-8.557215
12.000000	18.000000	6.937959	-8.064250
12.000000	19.000000	-19.837820	-2.456184
12.000000	20.000000	14.781535	-9.476760
13.000000	1.000000	-0.218942	1.434121
13.000000	2.000000	0.455319	2.650321
13.000000	3.000000	-0.058794	1.539076
13.000000	4.000000	-0.102756	2.903582
13.000000	5.000000	1.102962	2.362578
13.000000	6.000000	-0.803708	4.472717
13.000000	7.000000	1.282376	-2.237416
13.000000	8.000000	1.261622	2.435385
13.000000	9.000000	-5.187562	5.353162
13.000000	10.000000	-0.998070	3.684114
13.000000	11.000000	1.470236	4.446055
13.000000	12.000000	-0.445397	3.264218
13.000000	13.000000	2.787862	3.333424
13.000000	14.000000	-0.264903	2.297430
13.000000	15.000000	1.640319	3.459911
13.000000	16.000000	-3.119936	3.753171
13.000000	17.000000	1.308289	0.637457
13.000000	18.000000	-1.343641	3.709172
13.000000	19.000000	5.115409	0.461608
13.000000	20.000000	-4.410879	1.524203
14.000000	1.000000	0.462087	9.258575
14.000000	2.000000	1.440006	11.110361
14.000000	3.000000	1.535842	6.199899
14.000000	4.000000	0.856683	10.526602
14.000000	5.000000	19.645611	14.439601
14.000000	6.000000	-7.608998	20.700529
14.000000	7.000000	11.063810	-9.658728
14.000000	8.000000	1.871400	10.691752
14.000000	9.000000	-18.558444	22.683507
14.000000	10.000000	-5.267769	14.204104
14.000000	11.000000	7.565813	17.805230
14.000000	12.000000	-4.768396	19.040208
14.000000	13.000000	19.611820	16.430462
14.000000	14.000000	-9.792520	9.679656
14.000000	15.000000	18.393924	15.298184
14.000000	16.000000	-21.352144	13.649425
14.000000	17.000000	3.028457	9.306590
14.000000	18.000000	-8.517504	12.424644
14.000000	19.000000	25.851343	2.998837
14.000000	20.000000	-19.966835	11.268568
15.000000	1.000000	0.762158	9.449986
15.000000	2.000000	1.237510	10.410692
15.000000	3.000000	1.864285	5.749342
15.000000	4.000000	1.109848	9.471180
15.000000	5.000000	21.991840	14.612192
15.000000	6.000000	-8.141207	19.862214
15.000000	7.000000	11.723913	-9.117100
15.000000	8.000000	0.938341	10.133523
15.000000	9.000000	-16.629198	21.312900
15.000000	10.000000	-5.194564	13.013811
15.000000	11.000000	7.423910	16.485249
15.000000	12.000000	-5.160189	19.118889
15.000000	13.000000	20.267214	15.981742
15.000000	14.000000	-11.246895	9.081688
15.000000	15.000000	19.983036	14.524183
15.000000	16.000000	-21.981015	12.292690
15.000000	17.000000	2.251876	10.303096
15.000000	18.000000	-8.669285	10.896872
15.000000	19.000000	25.274668	3.063736
15.000000	20.000000	-19.061542	11.722793
16.000000	1.000000	0.433883	1.850550
16.000000	2.000000	0.014774	1.128142
16.000000	3.000000	0.655756	0.558858
16.000000	4.000000	0.448021	0.607438
16.000000	5.000000	6.207347	2.738060
16.000000	6.000000	-1.961564	2.648904
16.000000	7.000000	2.718476	-1.059066
16.000000	8.000000	-0.768314	1.220919
16.000000	9.000000	-0.990350	2.371310
16.000000	10.000000	-0.838807	1.094549
16.000000	11.000000	1.161517	1.574342
16.000000	12.000000	-1.297770	3.435394
16.000000	13.000000	4.213720	2.357203
16.000000	14.000000	-3.428998	0.996508
16.000000	15.000000	5.097543	1.776017
16.000000	16.000000	-4.488088	0.801499
16.000000	17.000000	-0.381219	2.805426
16.000000	18.000000	-1.673853	0.385398
16.000000	19.000000	3.860811	0.602801
16.000000	20.000000	-2.441353	2.512402
17.000000	1.000000	-0.252097	-7.274534
17.000000	2.000000	-1.220142	-9.084482
17.000000	3.000000	-1.093398	-5.092365
17.000000	4.000000	-0.583167	-8.757094
17.000000	5.000000	-14.694666	-11.393409
17.000000	6.000000	5.835250	-16.748241
17.000000	7.000000	-8.528152	7.872093
17.000000	8.000000	-1.841548	-8.698247
17.000000	9.000000	15.464971	-18.525258
17.000000	10.000000	4.208487	-11.727092
17.000000	11.000000	-6.058465	-14.634499
17.000000	12.000000	3.634569	-15.080341
17.000000	13.000000	-15.313690	-13.210684
17.000000	14.000000	7.215866	-7.910222
17.000000	15.000000	-13.990515	-12.436350
17.000000	16.000000	16.704950	-11.350471
17.000000	17.000000	-2.700025	-7.005120
17.000000	18.000000	6.701554	-10.443810
17.000000	19.000000	-20.736013	-2.355101
17.000000	20.000000	16.191560	-8.769288
18.000000	1.000000	-0.730241	-10.402278
18.000000	2.000000	-1.449137	-11.807591
18.000000	3.000000	-1.941122	-6.545292
18.000000	4.000000	-1.133576	-10.902019
18.000000	5.000000	-23.481963	-16.131816
18.000000	6.000000	8.821312	-22.337642
18.000000	7.000000	-12.743921	10.313266
18.000000	8.000000	-1.396556	-11.446322
18.000000	9.000000	19.170514	-24.149057
18.000000	10.000000	5.786180	-14.880572
18.000000	11.000000	-8.283670	-18.778227
18.000000	12.000000	5.570462	-21.163399
18.000000	13.000000	-22.216042	-17.887293
18.000000	14.000000	11.911757	-10.295532
18.000000	15.000000	-21.544379	-16.395823
18.000000	16.000000	24.125935	-14.144778
18.000000	17.000000	-2.792851	-11.040439
18.000000	18.000000	9.552001	-12.662832
18.000000	19.000000	-28.237456	-3.371389
18.000000	20.000000	21.475673	-12.821318
19.000000	1.000000	-0.606353	-4.954077
19.000000	2.000000	-0.483420	-4.796173
19.000000	3.000000	-1.188528	-2.602087
19.000000	4.000000	-0.749431	-4.058999
19.000000	5.000000	-12.910037	-7.570678
19.000000	6.000000	4.534824	-9.511232
19.000000	7.000000	-6.453225	4.251879
19.000000	8.000000	0.199798	-4.757711
19.000000	9.000000	7.071320	-9.863661
19.000000	10.000000	2.593576	-5.766070
19.000000	11.000000	-3.679573	-7.440631
19.000000	12.000000	2.913902	-9.798726
19.000000	13.000000	-10.802834	-7.817090
19.000000	14.000000	6.787244	-4.192902
19.000000	15.000000	-11.336422	-6.838096
19.000000	16.000000	11.656788	-5.277713
19.000000	17.000000	-0.583168	-5.973694
19.000000	18.000000	4.527497	-4.442243
19.000000	19.000000	-12.459107	-1.608204
19.000000	20.000000	9.054608	-6.303075
