0.000000	1.000000	2.072195	5.058825
0.000000	2.000000	13.895814	6.574640
0.000000	3.000000	-7.863801	2.216876
0.000000	4.000000	9.272428	8.956791
0.000000	5.000000	-6.029831	10.261302
0.000000	6.000000	-25.791685	13.455505
0.000000	7.000000	-20.947311	-12.954699
0.000000	8.000000	14.522454	7.033580
0.000000	9.000000	-63.693338	15.473397
0.000000	10.000000	10.577841	12.366307
0.000000	11.000000	-4.674200	14.364605
0.000000	12.000000	-30.123386	12.604169
0.000000	13.000000	-7.783503	15.519818
0.000000	14.000000	11.571981	6.970482
0.000000	15.000000	-5.523942	12.403041
0.000000	16.000000	-8.531637	13.571745
0.000000	17.000000	15.617538	-14.320623
0.000000	18.000000	27.642460	4.681993
0.000000	19.000000	10.433866	2.483143
0.000000	20.000000	-10.177390	4.725144
1.000000	1.000000	1.798122	14.799711
1.000000	2.000000	16.292428	17.793733
1.000000	3.000000	-4.175931	10.151988
1.000000	4.000000	11.198346	19.578936
1.000000	5.000000	14.586275	25.403041
1.000000	6.000000	-23.638493	33.187258
1.000000	7.000000	-9.017453	-19.017393
1.000000	8.000000	16.504093	18.482257
1.000000	9.000000	-75.744792	40.482543
1.000000	10.000000	11.500442	23.753558
1.000000	11.000000	5.404284	31.308653
1.000000	12.000000	-27.109555	32.512084
1.000000	13.000000	14.640724	31.425655
1.000000	14.000000	4.765905	15.179826
1.000000	15.000000	15.245992	27.183133
1.000000	16.000000	-32.368494	22.739862
1.000000	17.000000	12.165609	4.294207
1.000000	18.000000	17.489567	14.199148
1.000000	19.000000	41.485856	7.169202
1.000000	20.000000	-35.757219	12.895311
2.000000	1.000000	1.348036	23.091899
2.000000	2.000000	17.094226	27.271051
2.000000	3.000000	-0.079293	17.093353
2.000000	4.000000	12.028091	28.284559
2.000000	5.000000	33.774575	38.058154
2.000000	6.000000	-19.171400	49.670412
2.000000	7.000000	3.795096	-23.218532
2.000000	8.000000	16.870197	28.121761
2.000000	9.000000	-80.381819	61.528975
2.000000	10.000000	11.297299	32.815646
2.000000	11.000000	14.953760	45.187992
2.000000	12.000000	-21.442053	49.237488
2.000000	13.000000	35.631815	44.255330
2.000000	14.000000	-2.506691	21.903264
2.000000	15.000000	34.523543	39.302352
2.000000	16.000000	-53.036898	29.682043
2.000000	17.000000	7.522825	22.488689
2.000000	18.000000	5.624673	22.326391
2.000000	19.000000	68.476922	11.153489
2.000000	20.000000	-57.836882	19.803196
3.000000	1.000000	0.765995	29.123690
3.000000	2.000000	16.222721	34.078889
3.000000	3.000000	4.025107	22.361501
3.000000	4.000000	11.680443	34.221493
3.000000	5.000000	49.656784	46.987869
3.000000	6.000000	-12.827677	61.291480
3.000000	7.000000	16.236154	-25.146879
3.000000	8.000000	15.584928	35.008512
3.000000	9.000000	-77.150512	76.552523
3.000000	10.000000	9.988298	38.665509
3.000000	11.000000	23.039457	54.644016
3.000000	12.000000	-13.675653	61.143185
3.000000	13.000000	53.135016	52.752985
3.000000	14.000000	-9.533915	26.482657
3.000000	15.000000	50.421688	47.574382
3.000000	16.000000	-68.513680	33.718740
3.000000	17.000000	2.143654	38.481822
3.000000	18.000000	-6.790803	28.268171
3.000000	19.000000	88.764989	14.045995
3.000000	20.000000	-74.255068	24.772606
4.000000	1.000000	0.108973	32.304652
4.000000	2.000000	13.763224	37.550848
4.000000	3.000000	7.735502	25.440750
4.000000	4.000000	10.189432	36.808588
4.000000	5.000000	60.678241	51.318085
4.000000	6.000000	-5.228292	66.912910
4.000000	7.000000	27.087904	-24.613675
4.000000	8.000000	12.774098	38.468386
4.000000	9.000000	-66.367176	84.082576
4.000000	10.000000	7.701573	40.730523
4.000000	11.000000	28.869892	58.751103
4.000000	12.000000	-4.570584	67.063760
4.000000	13.000000	65.436991	56.086810
4.000000	14.000000	-15.627892	28.469743
4.000000	15.000000	61.384208	51.189500
4.000000	16.000000	-77.283866	34.454810
4.000000	17.000000	-3.445352	50.708086
4.000000	18.000000	-18.541548	31.442866
4.000000	19.000000	100.364121	15.563581
4.000000	20.000000	-83.404651	27.317101
5.000000	1.000000	-0.558716	32.323410
5.000000	2.000000	9.956486	37.347068
5.000000	3.000000	10.688692	26.029681
5.000000	4.000000	7.701008	35.792602
5.000000	5.000000	65.760089	50.624928
5.000000	6.000000	2.882875	65.984439
5.000000	7.000000	35.288102	-21.671112
5.000000	8.000000	8.712850	38.162706
5.000000	9.000000	-49.087359	83.382041
5.000000	10.000000	4.660964	38.808549
5.000000	11.000000	31.874340	57.107222
5.000000	12.000000	4.981885	66.419667
5.000000	13.000000	71.333537	53.930468
5.000000	14.000000	-20.192103	27.670013
5.000000	15.000000	66.338013	49.793833
5.000000	16.000000	-78.488969	31.818204
5.000000	17.000000	-8.697103	57.970689
5.000000	18.000000	-28.477317	31.539714
5.000000	19.000000	102.138913	15.557695
5.000000	20.000000	-84.390006	27.187607
6.000000	1.000000	-1.171714	29.178126
6.000000	2.000000	5.175138	33.487497
6.000000	3.000000	12.595598	24.070646
6.000000	4.000000	4.458756	31.272987
6.000000	5.000000	64.404882	44.976251
6.000000	6.000000	10.711846	58.596951
6.000000	7.000000	40.034054	-16.607230
6.000000	8.000000	3.798728	34.121394
6.000000	9.000000	-27.002529	74.519491
6.000000	10.000000	1.164108	33.087725
6.000000	11.000000	31.758706	49.873289
6.000000	12.000000	14.046692	59.273955
6.000000	13.000000	70.247460	46.495035
6.000000	14.000000	-22.779769	24.161749
6.000000	15.000000	64.798191	43.523999
6.000000	16.000000	-72.011025	26.067011
6.000000	17.000000	-13.097521	59.558717
6.000000	18.000000	-35.625528	28.549235
6.000000	19.000000	93.915637	14.028914
6.000000	20.000000	-77.114678	24.396801
7.000000	1.000000	-1.670016	23.176685
7.000000	2.000000	-0.112788	26.349936
7.000000	3.000000	13.269560	19.755408
7.000000	4.000000	0.780050	23.692154
7.000000	5.000000	56.745275	34.924985
7.000000	6.000000	17.492267	45.473586
7.000000	7.000000	40.861194	-9.917717
7.000000	8.000000	-1.487240	26.740043
7.000000	9.000000	-2.274503	58.362454
7.000000	10.000000	-2.446699	24.128043
7.000000	11.000000	28.534309	37.757410
7.000000	12.000000	21.736511	46.326095
7.000000	13.000000	62.285072	34.508345
7.000000	14.000000	-23.137594	18.288364
7.000000	15.000000	56.915472	32.993733
7.000000	16.000000	-58.484139	17.764197
7.000000	17.000000	-16.215863	55.316723
7.000000	18.000000	-39.286464	22.764158
7.000000	19.000000	76.499245	11.126885
7.000000	20.000000	-62.290829	19.217866
8.000000	1.000000	-2.004846	14.906548
8.000000	2.000000	-5.389674	16.633060
8.000000	3.000000	12.644604	13.506373
8.000000	4.000000	-2.975013	13.792168
8.000000	5.000000	43.531046	21.455019
8.000000	6.000000	22.560423	27.898948
8.000000	7.000000	37.688556	-2.257388
8.000000	8.000000	-6.627627	16.741190
8.000000	9.000000	22.676167	36.492493
8.000000	10.000000	-5.818007	12.806540
8.000000	11.000000	22.516775	21.945574
8.000000	12.000000	27.298609	28.843514
8.000000	13.000000	48.225787	19.143737
8.000000	14.000000	-21.230549	10.624787
8.000000	15.000000	43.461469	19.233810
8.000000	16.000000	-39.232419	7.722499
8.000000	17.000000	-17.746883	45.659943
8.000000	18.000000	-39.101767	14.750767
8.000000	19.000000	51.594572	7.135679
8.000000	20.000000	-41.369519	12.157753
9.000000	1.000000	-2.143427	5.177254
9.000000	2.000000	-10.138981	5.288024
9.000000	3.000000	10.781906	5.935240
9.000000	4.000000	-6.438861	2.542108
9.000000	5.000000	26.055695	5.884885
9.000000	6.000000	25.420208	7.593368
9.000000	7.000000	30.826699	5.623909
9.000000	8.000000	-11.119256	5.103593
9.000000	9.000000	45.407136	11.050393
9.000000	10.000000	-8.619807	0.231444
9.000000	11.000000	14.295141	3.985551
9.000000	12.000000	30.188529	8.537528
9.000000	13.000000	29.445826	1.905207
9.000000	14.000000	-17.245311	1.921182
9.000000	15.000000	25.753154	3.591148
9.000000	16.000000	-16.140356	-3.075130
9.000000	17.000000	-17.540714	31.533649
9.000000	18.000000	-35.089517	5.293468
9.000000	19.000000	21.639464	2.445983
9.000000	20.000000	-16.398673	3.907554
10.000000	1.000000	-2.072195	-5.058825
10.000000	2.000000	-13.895814	-6.574640
10.000000	3.000000	7.863801	-2.216876
10.000000	4.000000	-9.272428	-8.956791
10.000000	5.000000	6.029831	-10.261302
10.000000	6.000000	25.791685	-13.455505
10.000000	7.000000	20.947311	12.954699
10.000000	8.000000	-14.522454	-7.033580
10.000000	9.000000	63.693338	-15.473397
10.000000	10.000000	-10.577841	-12.366307
10.000000	11.000000	4.674200	-14.364605
10.000000	12.000000	30.123386	-12.604169
10.000000	13.000000	7.783503	-15.519818
10.000000	14.000000	-11.571981	-6.970482
10.000000	15.000000	5.523942	-12.403041
10.000000	16.000000	8.531637	-13.571745
10.000000	17.000000	-15.617538	14.320623
10.000000	18.000000	-27.642460	-4.681993
10.000000	19.000000	-10.433866	-2.483143
10.000000	20.000000	10.177390	-4.725144
11.000000	1.000000	-1.798122	-14.799711
11.000000	2.000000	-16.292428	-17.793733
11.000000	3.000000	4.175931	-10.151988
11.000000	4.000000	-11.198346	-19.578936
11.000000	5.000000	-14.586275	-25.403041
11.000000	6.000000	23.638493	-33.187258
11.000000	7.000000	9.017453	19.017393
11.000000	8.000000	-16.504093	-18.482257
11.000000	9.000000	75.744792	-40.482543
11.000000	10.000000	-11.500442	-23.753558
11.000000	11.000000	-5.404284	-31.308653
11.000000	12.000000	27.109555	-32.512084
11.000000	13.000000	-14.640724	-31.425655
11.000000	14.000000	-4.765905	-15.179826
11.000000	15.000000	-15.245992	-27.183133
11.000000	16.000000	32.368494	-22.739862
11.000000	17.000000	-12.165609	-4.294207
11.000000	18.000000	-17.489567	-14.199148
11.000000	19.000000	-41.485856	-7.169202
11.000000	20.000000	35.757219	-12.895311
12.000000	1.000000	-1.348036	-23.091899
12.000000	2.000000	-17.094226	-27.271051
12.000000	3.000000	0.079293	-17.093353
12.000000	4.000000	-12.028091	-28.284559
12.000000	5.000000	-33.774575	-38.058154
12.000000	6.000000	19.171400	-49.670412
12.000000	7.000000	-3.795096	23.218532
12.000000	8.000000	-16.870197	-28.121761
12.000000	9.000000	80.381819	-61.528975
12.000000	10.000000	-11.297299	-32.815646
12.000000	11.000000	-14.953760	-45.187992
12.000000	12.000000	21.442053	-49.237488
12.000000	13.000000	-35.631815	-44.255330
12.000000	14.000000	2.506691	-21.903264
12.000000	15.000000	-34.523543	-39.302352
12.000000	16.000000	53.036898	-29.682043
12.000000	17.000000	-7.522825	-22.488689
12.000000	18.000000	-5.624673	-22.326391
12.000000	19.000000	-68.476922	-11.153489
12.000000	20.000000	57.836882	-19.803196
13.000000	1.000000	-0.765995	-29.123690
13.000000	2.000000	-16.222721	-34.078889
13.000000	3.000000	-4.025107	-22.361501
13.000000	4.000000	-11.680443	-34.221493
13.000000	5.000000	-49.656784	-46.987869
13.000000	6.000000	12.827677	-61.291480
13.000000	7.000000	-16.236154	25.146879
13.000000	8.000000	-15.584928	-35.008512
13.000000	9.000000	77.150512	-76.552523
13.000000	10.000000	-9.988298	-38.665509
13.000000	11.000000	-23.039457	-54.644016
13.000000	12.000000	13.675653	-61.143185
13.000000	13.000000	-53.135016	-52.752985
13.000000	14.000000	9.533915	-26.482657
13.000000	15.000000	-50.421688	-47.574382
13.000000	16.000000	68.513680	-33.718740
13.000000	17.000000	-2.143654	-38.481822
13.000000	18.000000	6.790803	-28.268171
13.000000	19.000000	-88.764989	-14.045995
13.000000	20.000000	74.255068	-24.772606
14.000000	1.000000	-0.108973	-32.304652
14.000000	2.000000	-13.763224	-37.550848
14.000000	3.000000	-7.735502	-25.440750
14.000000	4.000000	-10.189432	-36.808588
14.000000	5.000000	-60.678241	-51.318085
14.000000	6.000000	5.228292	-66.912910
14.000000	7.000000	-27.087904	24.613675
14.000000	8.000000	-12.774098	-38.468386
14.000000	9.000000	66.367176	-84.082576
14.000000	10.000000	-7.701573	-40.730523
14.000000	11.000000	-28.869892	-58.751103
14.000000	12.000000	4.570584	-67.063760
14.000000	13.000000	-65.436991	-56.086810
14.000000	14.000000	15.627892	-28.469743
14.000000	15.000000	-61.384208	-51.189500
14.000000	16.000000	77.283866	-34.454810
14.000000	17.000000	3.445352	-50.708086
14.000000	18.000000	18.541548	-31.442866
14.000000	19.000000	-100.364121	-15.563581
14.000000	20.000000	83.404651	-27.317101
15.000000	1.000000	0.558716	-32.323410
15.000000	2.000000	-9.956486	-37.347068
15.000000	3.000000	-10.688692	-26.029681
15.000000	4.000000	-7.701008	-35.792602
15.000000	5.000000	-65.760089	-50.624928
15.000000	6.000000	-2.882875	-65.984439
15.000000	7.000000	-35.288102	21.671112
15.000000	8.000000	-8.712850	-38.162706
15.000000	9.000000	49.087359	-83.382041
15.000000	10.000000	-4.660964	-38.808549
15.000000	11.000000	-31.874340	-57.107222
15.000000	12.000000	-4.981885	-66.419667
15.000000	13.000000	-71.333537	-53.930468
15.000000	14.000000	20.192103	-27.670013
15.000000	15.000000	-66.338013	-49.793833
15.000000	16.000000	78.488969	-31.818204
15.000000	17.000000	8.697103	-57.970689
15.000000	18.000000	28.477317	-31.539714
15.000000	19.000000	-102.138913	-15.557695
15.000000	20.000000	84.390006	-27.187607
16.000000	1.000000	1.171714	-29.178126
16.000000	2.000000	-5.175138	-33.487497
16.000000	3.000000	-12.595598	-24.070646
16.000000	4.000000	-4.458756	-31.272987
16.000000	5.000000	-64.404882	-44.976251
16.000000	6.000000	-10.711846	-58.596951
16.000000	7.000000	-40.034054	16.607230
16.000000	8.000000	-3.798728	-34.121394
16.000000	9.000000	27.002529	-74.519491
16.000000	10.000000	-1.164108	-33.087725
16.000000	11.000000	-31.758706	-49.873289
16.000000	12.000000	-14.046692	-59.273955
16.000000	13.000000	-70.247460	-46.495035
16.000000	14.000000	22.779769	-24.161749
16.000000	15.000000	-64.798191	-43.523999
16.000000	16.000000	72.011025	-26.067011
16.000000	17.000000	13.097521	-59.558717
16.000000	18.000000	35.625528	-28.549235
16.000000	19.000000	-93.915637	-14.028914
16.000000	20.000000	77.114678	-24.396801
17.000000	1.000000	1.670016	-23.176685
17.000000	2.000000	0.112788	-26.349936
17.000000	3.000000	-13.269560	-19.755408
17.000000	4.000000	-0.780050	-23.692154
17.000000	5.000000	-56.745275	-34.924985
17.000000	6.000000	-17.492267	-45.473586
17.000000	7.000000	-40.861194	9.917717
17.000000	8.000000	1.487240	-26.740043
17.000000	9.000000	2.274503	-58.362454
17.000000	10.000000	2.446699	-24.128043
17.000000	11.000000	-28.534309	-37.757410
17.000000	12.000000	-21.736511	-46.326095
17.000000	13.000000	-62.285072	-34.508345
17.000000	14.000000	23.137594	-18.288364
17.000000	15.000000	-56.915472	-32.993733
17.000000	16.000000	58.484139	-17.764197
17.000000	17.000000	16.215863	-55.316723
17.000000	18.000000	39.286464	-22.764158
17.000000	19.000000	-76.499245	-11.126885
17.000000	20.000000	62.290829	-19.217866
18.000000	1.000000	2.004846	-14.906548
18.000000	2.000000	5.389674	-16.633060
18.000000	3.000000	-12.644604	-13.506373
18.000000	4.000000	2.975013	-13.792168
18.000000	5.000000	-43.531046	-21.455019
18.000000	6.000000	-22.560423	-27.898948
18.000000	7.000000	-37.688556	2.257388
18.000000	8.000000	6.627627	-16.741190
18.000000	9.000000	-22.676167	-36.492493
18.000000	10.000000	5.818007	-12.806540
18.000000	11.000000	-22.516775	-21.945574
18.000000	12.000000	-27.298609	-28.843514
18.000000	13.000000	-48.225787	-19.143737
18.000000	14.000000	21.230549	-10.624787
18.000000	15.000000	-43.461469	-19.233810
18.000000	16.000000	39.232419	-7.722499
18.000000	17.000000	17.746883	-45.659943
18.000000	18.000000	39.101767	-14.750767
18.000000	19.000000	-51.594572	-7.135679
18.000000	20.000000	41.369519	-12.157753
19.000000	1.000000	2.143427	-5.177254
19.000000	2.000000	10.138981	-5.288024
19.000000	3.000000	-10.781906	-5.935240
19.000000	4.000000	6.438861	-2.542108
19.000000	5.000000	-26.055695	-5.884885
19.000000	6.000000	-25.420208	-7.593368
19.000000	7.000000	-30.826699	-5.623909
19.000000	8.000000	11.119256	-5.103593
19.000000	9.000000	-45.407136	-11.050393
19.000000	10.000000	8.619807	-0.231444
19.000000	11.000000	-14.295141	-3.985551
19.000000	12.000000	-30.188529	-8.537528
19.000000	13.000000	-29.445826	-1.905207
19.000000	14.000000	17.245311	-1.921182
19.000000	15.000000	-25.753154	-3.591148
19.000000	16.000000	16.140356	3.075130
19.000000	17.000000	17.540714	-31.533649
19.000000	18.000000	35.089517	-5.293468
19.000000	19.000000	-21.639464	-2.445983
19.000000	20.000000	16.398673	-3.907554
