0.000000	1.000000	21.475060	-3.783205
0.000000	2.000000	-9.045527	-0.092168
0.000000	3.000000	-2.024271	1.638885
0.000000	4.000000	-5.688202	-4.480631
0.000000	5.000000	-0.479237	-0.014680
0.000000	6.000000	1.246359	-0.071618
0.000000	7.000000	-7.671155	-2.870164
0.000000	8.000000	-6.136472	3.093943
0.000000	9.000000	1.186583	3.002466
0.000000	10.000000	-5.730059	3.193086
0.000000	11.000000	1.707937	1.616579
0.000000	12.000000	-0.236530	2.163333
0.000000	13.000000	0.047553	-0.000000
0.000000	14.000000	0.847840	3.484799
0.000000	15.000000	-1.951331	1.849338
0.000000	16.000000	0.141743	0.023488
0.000000	17.000000	2.214293	1.879688
0.000000	18.000000	-13.551926	-1.634668
0.000000	19.000000	-0.896603	2.569027
0.000000	20.000000	-5.754941	-5.404658
1.000000	1.000000	-19.396353	3.382673
1.000000	2.000000	8.098698	0.042625
1.000000	3.000000	1.951111	-1.326502
1.000000	4.000000	5.130171	3.952873
1.000000	5.000000	0.327157	0.117531
1.000000	6.000000	-1.255058	0.120418
1.000000	7.000000	6.781459	2.507327
1.000000	8.000000	5.462190	-2.784752
1.000000	9.000000	-1.145245	-2.749859
1.000000	10.000000	5.196692	-2.879982
1.000000	11.000000	-1.430888	-1.488762
1.000000	12.000000	0.231748	-1.928716
1.000000	13.000000	-0.047553	0.000000
1.000000	14.000000	-0.685698	-3.140120
1.000000	15.000000	1.643628	-1.740671
1.000000	16.000000	-0.107778	-0.008614
1.000000	17.000000	-1.997833	-1.726105
1.000000	18.000000	12.263338	1.519332
1.000000	19.000000	0.809783	-2.390343
1.000000	20.000000	5.368967	4.881096
2.000000	1.000000	15.418997	-2.651022
2.000000	2.000000	-6.359113	0.011091
2.000000	3.000000	-1.686963	0.884271
2.000000	4.000000	-4.069964	-3.038181
2.000000	5.000000	-0.143052	-0.208877
2.000000	6.000000	1.140902	-0.157430
2.000000	7.000000	-5.227947	-1.899056
2.000000	8.000000	-4.253230	2.202969
2.000000	9.000000	0.991802	2.228077
2.000000	10.000000	-4.154637	2.284965
2.000000	11.000000	1.013773	1.215215
2.000000	12.000000	-0.204281	1.505303
2.000000	13.000000	0.042898	-0.000000
2.000000	14.000000	0.456434	2.488065
2.000000	15.000000	-1.175036	1.461614
2.000000	16.000000	0.063264	-0.007102
2.000000	17.000000	1.585811	1.403559
2.000000	18.000000	-9.774330	-1.255273
2.000000	19.000000	-0.643697	1.977675
2.000000	20.000000	-4.457442	-3.879739
3.000000	1.000000	-9.932321	1.659870
3.000000	2.000000	3.997052	-0.063721
3.000000	3.000000	1.257683	-0.355482
3.000000	4.000000	2.611361	1.826091
3.000000	5.000000	-0.055055	0.279777
3.000000	6.000000	-0.915067	0.179032
3.000000	7.000000	3.162686	1.104892
3.000000	8.000000	2.627934	-1.405545
3.000000	9.000000	-0.741275	-1.488195
3.000000	10.000000	2.705897	-1.466279
3.000000	11.000000	-0.497423	-0.822714
3.000000	12.000000	0.156817	-0.934541
3.000000	13.000000	-0.034044	0.000000
3.000000	14.000000	-0.182492	-1.592460
3.000000	15.000000	0.591423	-1.039485
3.000000	16.000000	-0.012557	0.022123
3.000000	17.000000	-1.018559	-0.943623
3.000000	18.000000	6.328542	0.868340
3.000000	19.000000	0.414601	-1.371419
3.000000	20.000000	3.109591	2.498606
4.000000	1.000000	3.473401	-0.506238
4.000000	2.000000	-1.243733	0.110114
4.000000	3.000000	-0.705292	-0.208104
4.000000	4.000000	-0.897139	-0.435250
4.000000	5.000000	0.247773	-0.323290
4.000000	6.000000	0.599659	-0.183109
4.000000	7.000000	-0.787840	-0.202573
4.000000	8.000000	-0.745399	0.470536
4.000000	9.000000	0.418187	0.602638
4.000000	10.000000	-0.992285	0.504064
4.000000	11.000000	-0.067618	0.349681
4.000000	12.000000	-0.094003	0.272299
4.000000	13.000000	0.021858	-0.000000
4.000000	14.000000	-0.109314	0.540975
4.000000	15.000000	0.050083	0.515603
4.000000	16.000000	-0.039380	-0.034979
4.000000	17.000000	0.351603	0.391318
4.000000	18.000000	-2.263272	-0.396407
4.000000	19.000000	-0.144921	0.630918
4.000000	20.000000	-1.457352	-0.872892
5.000000	1.000000	3.325520	-0.696947
5.000000	2.000000	-1.631332	-0.145728
5.000000	3.000000	0.083862	0.751319
5.000000	4.000000	-0.904901	-0.998196
5.000000	5.000000	-0.416238	0.335157
5.000000	6.000000	-0.225552	0.169262
5.000000	7.000000	-1.664125	-0.719575
5.000000	8.000000	-1.210102	0.510532
5.000000	9.000000	-0.054164	0.341909
5.000000	10.000000	-0.818459	0.507492
5.000000	11.000000	0.626041	0.157582
5.000000	12.000000	0.021988	0.416597
5.000000	13.000000	-0.007532	0.000000
5.000000	14.000000	0.390419	0.563465
5.000000	15.000000	-0.686686	0.058749
5.000000	16.000000	0.087461	0.044410
5.000000	17.000000	0.349770	0.199292
5.000000	18.000000	-2.023543	-0.114329
5.000000	19.000000	-0.138945	0.171341
5.000000	20.000000	-0.337543	-0.838267
6.000000	1.000000	-9.798916	1.831911
6.000000	2.000000	4.346710	0.167077
6.000000	3.000000	0.545776	-1.220990
6.000000	4.000000	2.618363	2.333932
6.000000	5.000000	0.543958	-0.314217
6.000000	6.000000	-0.170633	-0.138847
6.000000	7.000000	3.953195	1.571286
6.000000	8.000000	3.047150	-1.441625
6.000000	9.000000	-0.315162	-1.252988
6.000000	10.000000	2.549086	-1.469372
6.000000	11.000000	-1.123182	-0.649420
6.000000	12.000000	0.052180	-1.064714
6.000000	13.000000	-0.007532	-0.000000
6.000000	14.000000	-0.633308	-1.612749
6.000000	15.000000	1.256072	-0.627351
6.000000	16.000000	-0.126981	-0.049495
6.000000	17.000000	-1.016905	-0.770393
6.000000	18.000000	6.112279	0.613874
6.000000	19.000000	0.409210	-0.956828
6.000000	20.000000	2.099397	2.467370
7.000000	1.000000	15.313126	-2.787554
7.000000	2.000000	-6.636603	-0.172071
7.000000	3.000000	-1.121991	1.571142
7.000000	4.000000	-4.075521	-3.441206
7.000000	5.000000	-0.618432	0.262519
7.000000	6.000000	0.550116	0.094840
7.000000	7.000000	-5.855298	-2.269189
7.000000	8.000000	-4.585921	2.231603
7.000000	9.000000	0.653637	2.041415
7.000000	10.000000	-4.030191	2.287419
7.000000	11.000000	1.510378	1.077688
7.000000	12.000000	-0.121240	1.608610
7.000000	13.000000	0.021858	-0.000000
7.000000	14.000000	0.814204	2.504166
7.000000	15.000000	-1.702504	1.134543
7.000000	16.000000	0.154072	0.049734
7.000000	17.000000	1.584499	1.266083
7.000000	18.000000	-9.602703	-1.053328
7.000000	19.000000	-0.639419	1.648654
7.000000	20.000000	-3.655747	-3.854950
8.000000	1.000000	-19.328380	3.470333
8.000000	2.000000	8.276858	0.160222
8.000000	3.000000	1.588377	-1.767500
8.000000	4.000000	5.133739	4.211631
8.000000	5.000000	0.632369	-0.185124
8.000000	6.000000	-0.875749	-0.041550
8.000000	7.000000	7.184243	2.744967
8.000000	8.000000	5.675790	-2.803135
8.000000	9.000000	-0.928129	-2.630015
8.000000	10.000000	5.116793	-2.881558
8.000000	11.000000	-1.749728	-1.400464
8.000000	12.000000	0.178433	-1.995043
8.000000	13.000000	-0.034044	0.000000
8.000000	14.000000	-0.915400	-3.150458
8.000000	15.000000	1.982284	-1.530678
8.000000	16.000000	-0.166081	-0.045106
8.000000	17.000000	-1.996990	-1.637840
8.000000	18.000000	12.153147	1.389675
8.000000	19.000000	0.807037	-2.179099
8.000000	20.000000	4.854248	4.865181
9.000000	1.000000	21.451638	-3.813410
9.000000	2.000000	-9.106917	-0.132689
9.000000	3.000000	-1.899281	1.790843
9.000000	4.000000	-5.689431	-4.569792
9.000000	5.000000	-0.584406	0.089608
9.000000	6.000000	1.115659	-0.015808
9.000000	7.000000	-7.809945	-2.952049
9.000000	8.000000	-6.210074	3.100277
9.000000	9.000000	1.111770	2.961170
9.000000	10.000000	-5.702527	3.193629
9.000000	11.000000	1.817802	1.586153
9.000000	12.000000	-0.218159	2.186188
9.000000	13.000000	0.042898	-0.000000
9.000000	14.000000	0.926990	3.488361
9.000000	15.000000	-2.068023	1.776980
9.000000	16.000000	0.161832	0.036062
9.000000	17.000000	2.214002	1.849274
9.000000	18.000000	-13.513957	-1.589991
9.000000	19.000000	-0.895656	2.496238
9.000000	20.000000	-5.577580	-5.399174
10.000000	1.000000	-21.475060	3.783205
10.000000	2.000000	9.045527	0.092168
10.000000	3.000000	2.024271	-1.638885
10.000000	4.000000	5.688202	4.480631
10.000000	5.000000	0.479237	0.014680
10.000000	6.000000	-1.246359	0.071618
10.000000	7.000000	7.671155	2.870164
10.000000	8.000000	6.136472	-3.093943
10.000000	9.000000	-1.186583	-3.002466
10.000000	10.000000	5.730059	-3.193086
10.000000	11.000000	-1.707937	-1.616579
10.000000	12.000000	0.236530	-2.163333
10.000000	13.000000	-0.047553	0.000000
10.000000	14.000000	-0.847840	-3.484799
10.000000	15.000000	1.951331	-1.849338
10.000000	16.000000	-0.141743	-0.023488
10.000000	17.000000	-2.214293	-1.879688
10.000000	18.000000	13.551926	1.634668
10.000000	19.000000	0.896603	-2.569027
10.000000	20.000000	5.754941	5.404658
11.000000	1.000000	19.396353	-3.382673
11.000000	2.000000	-8.098698	-0.042625
11.000000	3.000000	-1.951111	1.326502
11.000000	4.000000	-5.130171	-3.952873
11.000000	5.000000	-0.327157	-0.117531
11.000000	6.000000	1.255058	-0.120418
11.000000	7.000000	-6.781459	-2.507327
11.000000	8.000000	-5.462190	2.784752
11.000000	9.000000	1.145245	2.749859
11.000000	10.000000	-5.196692	2.879982
11.000000	11.000000	1.430888	1.488762
11.000000	12.000000	-0.231748	1.928716
11.000000	13.000000	0.047553	-0.000000
11.000000	14.000000	0.685698	3.140120
11.000000	15.000000	-1.643628	1.740671
11.000000	16.000000	0.107778	0.008614
11.000000	17.000000	1.997833	1.726105
11.000000	18.000000	-12.263338	-1.519332
11.000000	19.000000	-0.809783	2.390343
11.000000	20.000000	-5.368967	-4.881096
12.000000	1.000000	-15.418997	2.651022
12.000000	2.000000	6.359113	-0.011091
12.000000	3.000000	1.686963	-0.884271
12.000000	4.000000	4.069964	3.038181
12.000000	5.000000	0.143052	0.208877
12.000000	6.000000	-1.140902	0.157430
12.000000	7.000000	5.227947	1.899056
12.000000	8.000000	4.253230	-2.202969
12.000000	9.000000	-0.991802	-2.228077
12.000000	10.000000	4.154637	-2.284965
12.000000	11.000000	-1.013773	-1.215215
12.000000	12.000000	0.204281	-1.505303
12.000000	13.000000	-0.042898	0.000000
12.000000	14.000000	-0.456434	-2.488065
12.000000	15.000000	1.175036	-1.461614
12.000000	16.000000	-0.063264	0.007102
12.000000	17.000000	-1.585811	-1.403559
12.000000	18.000000	9.774330	1.255273
12.000000	19.000000	0.643697	-1.977675
12.000000	20.000000	4.457442	3.879739
13.000000	1.000000	9.932321	-1.659870
13.000000	2.000000	-3.997052	0.063721
13.000000	3.000000	-1.257683	0.355482
13.000000	4.000000	-2.611361	-1.826091
13.000000	5.000000	0.055055	-0.279777
13.000000	6.000000	0.915067	-0.179032
13.000000	7.000000	-3.162686	-1.104892
13.000000	8.000000	-2.627934	1.405545
13.000000	9.000000	0.741275	1.488195
13.000000	10.000000	-2.705897	1.466279
13.000000	11.000000	0.497423	0.822714
13.000000	12.000000	-0.156817	0.934541
13.000000	13.000000	0.034044	-0.000000
13.000000	14.000000	0.182492	1.592460
13.000000	15.000000	-0.591423	1.039485
13.000000	16.000000	0.012557	-0.022123
13.000000	17.000000	1.018559	0.943623
13.000000	18.000000	-6.328542	-0.868340
13.000000	19.000000	-0.414601	1.371419
13.000000	20.000000	-3.109591	-2.498606
14.000000	1.000000	-3.473401	0.506238
14.000000	2.000000	1.243733	-0.110114
14.000000	3.000000	0.705292	0.208104
14.000000	4.000000	0.897139	0.435250
14.000000	5.000000	-0.247773	0.323290
14.000000	6.000000	-0.599659	0.183109
14.000000	7.000000	0.787840	0.202573
14.000000	8.000000	0.745399	-0.470536
14.000000	9.000000	-0.418187	-0.602638
14.000000	10.000000	0.992285	-0.504064
14.000000	11.000000	0.067618	-0.349681
14.000000	12.000000	0.094003	-0.272299
14.000000	13.000000	-0.021858	0.000000
14.000000	14.000000	0.109314	-0.540975
14.000000	15.000000	-0.050083	-0.515603
14.000000	16.000000	0.039380	0.034979
14.000000	17.000000	-0.351603	-0.391318
14.000000	18.000000	2.263272	0.396407
14.000000	19.000000	0.144921	-0.630918
14.000000	20.000000	1.457352	0.872892
15.000000	1.000000	-3.325520	0.696947
15.000000	2.000000	1.631332	0.145728
15.000000	3.000000	-0.083862	-0.751319
15.000000	4.000000	0.904901	0.998196
15.000000	5.000000	0.416238	-0.335157
15.000000	6.000000	0.225552	-0.169262
15.000000	7.000000	1.664125	0.719575
15.000000	8.000000	1.210102	-0.510532
15.000000	9.000000	0.054164	-0.341909
15.000000	10.000000	0.818459	-0.507492
15.000000	11.000000	-0.626041	-0.157582
15.000000	12.000000	-0.021988	-0.416597
15.000000	13.000000	0.007532	-0.000000
15.000000	14.000000	-0.390419	-0.563465
15.000000	15.000000	0.686686	-0.058749
15.000000	16.000000	-0.087461	-0.044410
15.000000	17.000000	-0.349770	-0.199292
15.000000	18.000000	2.023543	0.114329
15.000000	19.000000	0.138945	-0.171341
15.000000	20.000000	0.337543	0.838267
16.000000	1.000000	9.798916	-1.831911
16.000000	2.000000	-4.346710	-0.167077
16.000000	3.000000	-0.545776	1.220990
16.000000	4.000000	-2.618363	-2.333932
16.000000	5.000000	-0.543958	0.314217
16.000000	6.000000	0.170633	0.138847
16.000000	7.000000	-3.953195	-1.571286
16.000000	8.000000	-3.047150	1.441625
16.000000	9.000000	0.315162	1.252988
16.000000	10.000000	-2.549086	1.469372
16.000000	11.000000	1.123182	0.649420
16.000000	12.000000	-0.052180	1.064714
16.000000	13.000000	0.007532	0.000000
16.000000	14.000000	0.633308	1.612749
16.000000	15.000000	-1.256072	0.627351
16.000000	16.000000	0.126981	0.049495
16.000000	17.000000	1.016905	0.770393
16.000000	18.000000	-6.112279	-0.613874
16.000000	19.000000	-0.409210	0.956828
16.000000	20.000000	-2.099397	-2.467370
17.000000	1.000000	-15.313126	2.787554
17.000000	2.000000	6.636603	0.172071
17.000000	3.000000	1.121991	-1.571142
17.000000	4.000000	4.075521	3.441206
17.000000	5.000000	0.618432	-0.262519
17.000000	6.000000	-0.550116	-0.094840
17.000000	7.000000	5.855298	2.269189
17.000000	8.000000	4.585921	-2.231603
17.000000	9.000000	-0.653637	-2.041415
17.000000	10.000000	4.030191	-2.287419
17.000000	11.000000	-1.510378	-1.077688
17.000000	12.000000	0.121240	-1.608610
17.000000	13.000000	-0.021858	0.000000
17.000000	14.000000	-0.814204	-2.504166
17.000000	15.000000	1.702504	-1.134543
17.000000	16.000000	-0.154072	-0.049734
17.000000	17.000000	-1.584499	-1.266083
17.000000	18.000000	9.602703	1.053328
17.000000	19.000000	0.639419	-1.648654
17.000000	20.000000	3.655747	3.854950
18.000000	1.000000	19.328380	-3.470333
18.000000	2.000000	-8.276858	-0.160222
18.000000	3.000000	-1.588377	1.767500
18.000000	4.000000	-5.133739	-4.211631
18.000000	5.000000	-0.632369	0.185124
18.000000	6.000000	0.875749	0.041550
18.000000	7.000000	-7.184243	-2.744967
18.000000	8.000000	-5.675790	2.803135
18.000000	9.000000	0.928129	2.630015
18.000000	10.000000	-5.116793	2.881558
18.000000	11.000000	1.749728	1.400464
18.000000	12.000000	-0.178433	1.995043
18.000000	13.000000	0.034044	-0.000000
18.000000	14.000000	0.915400	3.150458
18.000000	15.000000	-1.982284	1.530678
18.000000	16.000000	0.166081	0.045106
18.000000	17.000000	1.996990	1.637840
18.000000	18.000000	-12.153147	-1.389675
18.000000	19.000000	-0.807037	2.179099
18.000000	20.000000	-4.854248	-4.865181
19.000000	1.000000	-21.451638	3.813410
19.000000	2.000000	9.106917	0.132689
19.000000	3.000000	1.899281	-1.790843
19.000000	4.000000	5.689431	4.569792
19.000000	5.000000	0.584406	-0.089608
19.000000	6.000000	-1.115659	0.015808
19.000000	7.000000	7.809945	2.952049
19.000000	8.000000	6.210074	-3.100277
19.000000	9.000000	-1.111770	-2.961170
19.000000	10.000000	5.702527	-3.193629
19.000000	11.000000	-1.817802	-1.586153
19.000000	12.000000	0.218159	-2.186188
19.000000	13.000000	-0.042898	0.000000
19.000000	14.000000	-0.926990	-3.488361
19.000000	15.000000	2.068023	-1.776980
19.000000	16.000000	-0.161832	-0.036062
19.000000	17.000000	-2.214002	-1.849274
19.000000	18.000000	13.513957	1.589991
19.000000	19.000000	0.895656	-2.496238
19.000000	20.000000	5.577580	5.399174
