0.000000	1.000000	3.242173	2.398278
0.000000	2.000000	20.771885	-3.131434
0.000000	3.000000	-9.690983	-0.363197
0.000000	4.000000	-3.003647	1.666844
0.000000	5.000000	-7.127786	-3.555902
0.000000	6.000000	-0.384549	0.335410
0.000000	7.000000	1.042705	0.127254
0.000000	8.000000	-5.861271	-2.868237
0.000000	9.000000	-6.832624	3.247746
0.000000	10.000000	1.584220	2.879508
0.000000	11.000000	-5.223278	3.654508
0.000000	12.000000	1.150000	1.673607
0.000000	13.000000	0.019959	1.663197
0.000000	14.000000	0.025000	-0.000000
0.000000	15.000000	0.614590	3.494098
0.000000	16.000000	-2.484017	1.898607
0.000000	17.000000	0.215451	0.025000
0.000000	18.000000	1.513729	1.969098
0.000000	19.000000	-11.812664	-2.302254
0.000000	20.000000	-0.903115	2.129180
1.000000	1.000000	-2.118160	-1.465905
1.000000	2.000000	-12.669165	1.563119
1.000000	3.000000	6.569726	0.330902
1.000000	4.000000	1.301519	-0.811068
1.000000	5.000000	4.614967	2.274922
1.000000	6.000000	0.501722	-0.223607
1.000000	7.000000	-0.479837	-0.144098
1.000000	8.000000	3.012712	1.999061
1.000000	9.000000	4.733533	-2.157217
1.000000	10.000000	-1.031888	-2.150455
1.000000	11.000000	2.924719	-2.227177
1.000000	12.000000	-0.518895	-1.152912
1.000000	13.000000	0.021885	-0.931559
1.000000	14.000000	-0.030902	0.000000
1.000000	15.000000	-0.753444	-2.246275
1.000000	16.000000	1.475658	-1.311068
1.000000	17.000000	-0.069098	-0.009549
1.000000	18.000000	-0.974265	-1.344224
1.000000	19.000000	7.325425	1.261068
1.000000	20.000000	0.938525	-1.550987
2.000000	1.000000	0.185081	-0.026393
2.000000	2.000000	-0.272746	0.602254
2.000000	3.000000	-0.939058	-0.172214
2.000000	4.000000	0.897746	-0.354508
2.000000	5.000000	-0.339387	-0.125000
2.000000	6.000000	-0.427254	0.026393
2.000000	7.000000	-0.266312	0.105902
2.000000	8.000000	0.986600	-0.366312
2.000000	9.000000	-0.826393	0.242705
2.000000	10.000000	0.085410	0.600000
2.000000	11.000000	0.490983	-0.050861
2.000000	12.000000	-0.310410	0.191844
2.000000	13.000000	-0.055370	-0.155902
2.000000	14.000000	0.025000	0.000000
2.000000	15.000000	0.604508	0.140451
2.000000	16.000000	0.096353	0.222746
2.000000	17.000000	-0.103647	-0.009549
2.000000	18.000000	0.062664	0.205902
2.000000	19.000000	-0.040122	0.261803
2.000000	20.000000	-0.615451	0.380370
3.000000	1.000000	1.818692	1.508610
3.000000	2.000000	13.110477	-2.537587
3.000000	3.000000	-5.050299	-0.052254
3.000000	4.000000	-2.754102	1.384675
3.000000	5.000000	-4.065828	-2.072668
3.000000	6.000000	0.189590	0.180902
3.000000	7.000000	0.910739	-0.027254
3.000000	8.000000	-4.609065	-1.406356
3.000000	9.000000	-3.396401	1.764512
3.000000	10.000000	0.893692	1.179634
3.000000	11.000000	-3.719146	2.309472
3.000000	12.000000	1.021149	0.842502
3.000000	13.000000	0.067705	1.183814
3.000000	14.000000	-0.009549	-0.000000
3.000000	15.000000	-0.224671	2.019021
3.000000	16.000000	-1.631559	0.950658
3.000000	17.000000	0.236803	0.025000
3.000000	18.000000	0.872871	1.011068
3.000000	19.000000	-7.260506	-1.684675
3.000000	20.000000	0.057295	0.935536
4.000000	1.000000	-3.127786	-2.414590
4.000000	2.000000	-20.940451	3.503647
4.000000	3.000000	9.110613	0.256763
4.000000	4.000000	3.558485	-1.885942
4.000000	5.000000	6.918034	3.478647
4.000000	6.000000	0.120492	-0.319098
4.000000	7.000000	-1.207295	-0.061803
4.000000	8.000000	6.471024	2.641844
4.000000	9.000000	6.321885	-3.097746
4.000000	10.000000	-1.531434	-2.508688
4.000000	11.000000	5.526722	-3.685942
4.000000	12.000000	-1.341844	-1.555041
4.000000	13.000000	-0.054180	-1.759549
4.000000	14.000000	-0.009549	0.000000
4.000000	15.000000	-0.240983	-3.407295
4.000000	16.000000	2.543566	-1.760942
4.000000	17.000000	-0.279508	-0.030902
4.000000	18.000000	-1.475000	-1.841844
4.000000	19.000000	11.787868	2.464058
4.000000	20.000000	0.522746	-1.894098
5.000000	1.000000	3.242173	2.398278
5.000000	2.000000	20.771885	-3.131434
5.000000	3.000000	-9.690983	-0.363197
5.000000	4.000000	-3.003647	1.666844
5.000000	5.000000	-7.127786	-3.555902
5.000000	6.000000	-0.384549	0.335410
5.000000	7.000000	1.042705	0.127254
5.000000	8.000000	-5.861271	-2.868237
5.000000	9.000000	-6.832624	3.247746
5.000000	10.000000	1.584220	2.879508
5.000000	11.000000	-5.223278	3.654508
5.000000	12.000000	1.150000	1.673607
5.000000	13.000000	0.019959	1.663197
5.000000	14.000000	0.025000	-0.000000
5.000000	15.000000	0.614590	3.494098
5.000000	16.000000	-2.484017	1.898607
5.000000	17.000000	0.215451	0.025000
5.000000	18.000000	1.513729	1.969098
5.000000	19.000000	-11.812664	-2.302254
5.000000	20.000000	-0.903115	2.129180
6.000000	1.000000	-2.118160	-1.465905
6.000000	2.000000	-12.669165	1.563119
6.000000	3.000000	6.569726	0.330902
6.000000	4.000000	1.301519	-0.811068
6.000000	5.000000	4.614967	2.274922
6.000000	6.000000	0.501722	-0.223607
6.000000	7.000000	-0.479837	-0.144098
6.000000	8.000000	3.012712	1.999061
6.000000	9.000000	4.733533	-2.157217
6.000000	10.000000	-1.031888	-2.150455
6.000000	11.000000	2.924719	-2.227177
6.000000	12.000000	-0.518895	-1.152912
6.000000	13.000000	0.021885	-0.931559
6.000000	14.000000	-0.030902	0.000000
6.000000	15.000000	-0.753444	-2.246275
6.000000	16.000000	1.475658	-1.311068
6.000000	17.000000	-0.069098	-0.009549
6.000000	18.000000	-0.974265	-1.344224
6.000000	19.000000	7.325425	1.261068
6.000000	20.000000	0.938525	-1.550987
7.000000	1.000000	0.185081	-0.026393
7.000000	2.000000	-0.272746	0.602254
7.000000	3.000000	-0.939058	-0.172214
7.000000	4.000000	0.897746	-0.354508
7.000000	5.000000	-0.339387	-0.125000
7.000000	6.000000	-0.427254	0.026393
7.000000	7.000000	-0.266312	0.105902
7.000000	8.000000	0.986600	-0.366312
7.000000	9.000000	-0.826393	0.242705
7.000000	10.000000	0.085410	0.600000
7.000000	11.000000	0.490983	-0.050861
7.000000	12.000000	-0.310410	0.191844
7.000000	13.000000	-0.055370	-0.155902
7.000000	14.000000	0.025000	0.000000
7.000000	15.000000	0.604508	0.140451
7.000000	16.000000	0.096353	0.222746
7.000000	17.000000	-0.103647	-0.009549
7.000000	18.000000	0.062664	0.205902
7.000000	19.000000	-0.040122	0.261803
7.000000	20.000000	-0.615451	0.380370
8.000000	1.000000	1.818692	1.508610
8.000000	2.000000	13.110477	-2.537587
8.000000	3.000000	-5.050299	-0.052254
8.000000	4.000000	-2.754102	1.384675
8.000000	5.000000	-4.065828	-2.072668
8.000000	6.000000	0.189590	0.180902
8.000000	7.000000	0.910739	-0.027254
8.000000	8.000000	-4.609065	-1.406356
8.000000	9.000000	-3.396401	1.764512
8.000000	10.000000	0.893692	1.179634
8.000000	11.000000	-3.719146	2.309472
8.000000	12.000000	1.021149	0.842502
8.000000	13.000000	0.067705	1.183814
8.000000	14.000000	-0.009549	-0.000000
8.000000	15.000000	-0.224671	2.019021
8.000000	16.000000	-1.631559	0.950658
8.000000	17.000000	0.236803	0.025000
8.000000	18.000000	0.872871	1.011068
8.000000	19.000000	-7.260506	-1.684675
8.000000	20.000000	0.057295	0.935536
9.000000	1.000000	-3.127786	-2.414590
9.000000	2.000000	-20.940451	3.503647
9.000000	3.000000	9.110613	0.256763
9.000000	4.000000	3.558485	-1.885942
9.000000	5.000000	6.918034	3.478647
9.000000	6.000000	0.120492	-0.319098
9.000000	7.000000	-1.207295	-0.061803
9.000000	8.000000	6.471024	2.641844
9.000000	9.000000	6.321885	-3.097746
9.000000	10.000000	-1.531434	-2.508688
9.000000	11.000000	5.526722	-3.685942
9.000000	12.000000	-1.341844	-1.555041
9.000000	13.000000	-0.054180	-1.759549
9.000000	14.000000	-0.009549	0.000000
9.000000	15.000000	-0.240983	-3.407295
9.000000	16.000000	2.543566	-1.760942
9.000000	17.000000	-0.279508	-0.030902
9.000000	18.000000	-1.475000	-1.841844
9.000000	19.000000	11.787868	2.464058
9.000000	20.000000	0.522746	-1.894098
10.000000	1.000000	3.242173	2.398278
10.000000	2.000000	20.771885	-3.131434
10.000000	3.000000	-9.690983	-0.363197
10.000000	4.000000	-3.003647	1.666844
10.000000	5.000000	-7.127786	-3.555902
10.000000	6.000000	-0.384549	0.335410
10.000000	7.000000	1.042705	0.127254
10.000000	8.000000	-5.861271	-2.868237
10.000000	9.000000	-6.832624	3.247746
10.000000	10.000000	1.584220	2.879508
10.000000	11.000000	-5.223278	3.654508
10.000000	12.000000	1.150000	1.673607
10.000000	13.000000	0.019959	1.663197
10.000000	14.000000	0.025000	-0.000000
10.000000	15.000000	0.614590	3.494098
10.000000	16.000000	-2.484017	1.898607
10.000000	17.000000	0.215451	0.025000
10.000000	18.000000	1.513729	1.969098
10.000000	19.000000	-11.812664	-2.302254
10.000000	20.000000	-0.903115	2.129180
11.000000	1.000000	-2.118160	-1.465905
11.000000	2.000000	-12.669165	1.563119
11.000000	3.000000	6.569726	0.330902
11.000000	4.000000	1.301519	-0.811068
11.000000	5.000000	4.614967	2.274922
11.000000	6.000000	0.501722	-0.223607
11.000000	7.000000	-0.479837	-0.144098
11.000000	8.000000	3.012712	1.999061
11.000000	9.000000	4.733533	-2.157217
11.000000	10.000000	-1.031888	-2.150455
11.000000	11.000000	2.924719	-2.227177
11.000000	12.000000	-0.518895	-1.152912
11.000000	13.000000	0.021885	-0.931559
11.000000	14.000000	-0.030902	0.000000
11.000000	15.000000	-0.753444	-2.246275
11.000000	16.000000	1.475658	-1.311068
11.000000	17.000000	-0.069098	-0.009549
11.000000	18.000000	-0.974265	-1.344224
11.000000	19.000000	7.325425	1.261068
11.000000	20.000000	0.938525	-1.550987
12.000000	1.000000	0.185081	-0.026393
12.000000	2.000000	-0.272746	0.602254
12.000000	3.000000	-0.939058	-0.172214
12.000000	4.000000	0.897746	-0.354508
12.000000	5.000000	-0.339387	-0.125000
12.000000	6.000000	-0.427254	0.026393
12.000000	7.000000	-0.266312	0.105902
12.000000	8.000000	0.986600	-0.366312
12.000000	9.000000	-0.826393	0.242705
12.000000	10.000000	0.085410	0.600000
12.000000	11.000000	0.490983	-0.050861
12.000000	12.000000	-0.310410	0.191844
12.000000	13.000000	-0.055370	-0.155902
12.000000	14.000000	0.025000	0.000000
12.000000	15.000000	0.604508	0.140451
12.000000	16.000000	0.096353	0.222746
12.000000	17.000000	-0.103647	-0.009549
12.000000	18.000000	0.062664	0.205902
12.000000	19.000000	-0.040122	0.261803
12.000000	20.000000	-0.615451	0.380370
13.000000	1.000000	1.818692	1.508610
13.000000	2.000000	13.110477	-2.537587
13.000000	3.000000	-5.050299	-0.052254
13.000000	4.000000	-2.754102	1.384675
13.000000	5.000000	-4.065828	-2.072668
13.000000	6.000000	0.189590	0.180902
13.000000	7.000000	0.910739	-0.027254
13.000000	8.000000	-4.609065	-1.406356
13.000000	9.000000	-3.396401	1.764512
13.000000	10.000000	0.893692	1.179634
13.000000	11.000000	-3.719146	2.309472
13.000000	12.000000	1.021149	0.842502
13.000000	13.000000	0.067705	1.183814
13.000000	14.000000	-0.009549	-0.000000
13.000000	15.000000	-0.224671	2.019021
13.000000	16.000000	-1.631559	0.950658
13.000000	17.000000	0.236803	0.025000
13.000000	18.000000	0.872871	1.011068
13.000000	19.000000	-7.260506	-1.684675
13.000000	20.000000	0.057295	0.935536
14.000000	1.000000	-3.127786	-2.414590
14.000000	2.000000	-20.940451	3.503647
14.000000	3.000000	9.110613	0.256763
14.000000	4.000000	3.558485	-1.885942
14.000000	5.000000	6.918034	3.478647
14.000000	6.000000	0.120492	-0.319098
14.000000	7.000000	-1.207295	-0.061803
14.000000	8.000000	6.471024	2.641844
14.000000	9.000000	6.321885	-3.097746
14.000000	10.000000	-1.531434	-2.508688
14.000000	11.000000	5.526722	-3.685942
14.000000	12.000000	-1.341844	-1.555041
14.000000	13.000000	-0.054180	-1.759549
14.000000	14.000000	-0.009549	0.000000
14.000000	15.000000	-0.240983	-3.407295
14.000000	16.000000	2.543566	-1.760942
14.000000	17.000000	-0.279508	-0.030902
14.000000	18.000000	-1.475000	-1.841844
14.000000	19.000000	11.787868	2.464058
14.000000	20.000000	0.522746	-1.894098
15.000000	1.000000	3.242173	2.398278
15.000000	2.000000	20.771885	-3.131434
15.000000	3.000000	-9.690983	-0.363197
15.000000	4.000000	-3.003647	1.666844
15.000000	5.000000	-7.127786	-3.555902
15.000000	6.000000	-0.384549	0.335410
15.000000	7.000000	1.042705	0.127254
15.000000	8.000000	-5.861271	-2.868237
15.000000	9.000000	-6.832624	3.247746
15.000000	10.000000	1.584220	2.879508
15.000000	11.000000	-5.223278	3.654508
15.000000	12.000000	1.150000	1.673607
15.000000	13.000000	0.019959	1.663197
15.000000	14.000000	0.025000	-0.000000
15.000000	15.000000	0.614590	3.494098
15.000000	16.000000	-2.484017	1.898607
15.000000	17.000000	0.215451	0.025000
15.000000	18.000000	1.513729	1.969098
15.000000	19.000000	-11.812664	-2.302254
15.000000	20.000000	-0.903115	2.129180
16.000000	1.000000	-2.118160	-1.465905
16.000000	2.000000	-12.669165	1.563119
16.000000	3.000000	6.569726	0.330902
16.000000	4.000000	1.301519	-0.811068
16.000000	5.000000	4.614967	2.274922
16.000000	6.000000	0.501722	-0.223607
16.000000	7.000000	-0.479837	-0.144098
16.000000	8.000000	3.012712	1.999061
16.000000	9.000000	4.733533	-2.157217
16.000000	10.000000	-1.031888	-2.150455
16.000000	11.000000	2.924719	-2.227177
16.000000	12.000000	-0.518895	-1.152912
16.000000	13.000000	0.021885	-0.931559
16.000000	14.000000	-0.030902	0.000000
16.000000	15.000000	-0.753444	-2.246275
16.000000	16.000000	1.475658	-1.311068
16.000000	17.000000	-0.069098	-0.009549
16.000000	18.000000	-0.974265	-1.344224
16.000000	19.000000	7.325425	1.261068
16.000000	20.000000	0.938525	-1.550987
17.000000	1.000000	0.185081	-0.026393
17.000000	2.000000	-0.272746	0.602254
17.000000	3.000000	-0.939058	-0.172214
17.000000	4.000000	0.897746	-0.354508
17.000000	5.000000	-0.339387	-0.125000
17.000000	6.000000	-0.427254	0.026393
17.000000	7.000000	-0.266312	0.105902
17.000000	8.000000	0.986600	-0.366312
17.000000	9.000000	-0.826393	0.242705
17.000000	10.000000	0.085410	0.600000
17.000000	11.000000	0.490983	-0.050861
17.000000	12.000000	-0.310410	0.191844
17.000000	13.000000	-0.055370	-0.155902
17.000000	14.000000	0.025000	0.000000
17.000000	15.000000	0.604508	0.140451
17.000000	16.000000	0.096353	0.222746
17.000000	17.000000	-0.103647	-0.009549
17.000000	18.000000	0.062664	0.205902
17.000000	19.000000	-0.040122	0.261803
17.000000	20.000000	-0.615451	0.380370
18.000000	1.000000	1.818692	1.508610
18.000000	2.000000	13.110477	-2.537587
18.000000	3.000000	-5.050299	-0.052254
18.000000	4.000000	-2.754102	1.384675
18.000000	5.000000	-4.065828	-2.072668
18.000000	6.000000	0.189590	0.180902
18.000000	7.000000	0.910739	-0.027254
18.000000	8.000000	-4.609065	-1.406356
18.000000	9.000000	-3.396401	1.764512
18.000000	10.000000	0.893692	1.179634
18.000000	11.000000	-3.719146	2.309472
18.000000	12.000000	1.021149	0.842502
18.000000	13.000000	0.067705	1.183814
18.000000	14.000000	-0.009549	-0.000000
18.000000	15.000000	-0.224671	2.019021
18.000000	16.000000	-1.631559	0.950658
18.000000	17.000000	0.236803	0.025000
18.000000	18.000000	0.872871	1.011068
18.000000	19.000000	-7.260506	-1.684675
18.000000	20.000000	0.057295	0.935536
19.000000	1.000000	-3.127786	-2.414590
19.000000	2.000000	-20.940451	3.503647
19.000000	3.000000	9.110613	0.256763
19.000000	4.000000	3.558485	-1.885942
19.000000	5.000000	6.918034	3.478647
19.000000	6.000000	0.120492	-0.319098
19.000000	7.000000	-1.207295	-0.061803
19.000000	8.000000	6.471024	2.641844
19.000000	9.000000	6.321885	-3.097746
19.000000	10.000000	-1.531434	-2.508688
19.000000	11.000000	5.526722	-3.685942
19.000000	12.000000	-1.341844	-1.555041
19.000000	13.000000	-0.054180	-1.759549
19.000000	14.000000	-0.009549	0.000000
19.000000	15.000000	-0.240983	-3.407295
19.000000	16.000000	2.543566	-1.760942
19.000000	17.000000	-0.279508	-0.030902
19.000000	18.000000	-1.475000	-1.841844
19.000000	19.000000	11.787868	2.464058
19.000000	20.000000	0.522746	-1.894098
