0.000000	1.000000	1.661895	11.258420
0.000000	2.000000	-0.304873	11.583583
0.000000	3.000000	0.964292	12.871837
0.000000	4.000000	4.837505	7.506912
0.000000	5.000000	3.383914	5.440590
0.000000	6.000000	12.170449	2.627167
0.000000	7.000000	-3.622699	8.191228
0.000000	8.000000	3.720446	-5.036870
0.000000	9.000000	-1.676592	3.094516
0.000000	10.000000	-7.292691	8.897338
0.000000	11.000000	8.844193	6.589775
0.000000	12.000000	-4.664736	7.792452
0.000000	13.000000	17.663651	-0.386536
0.000000	14.000000	17.429433	-0.295936
0.000000	15.000000	2.616063	8.586431
0.000000	16.000000	0.174184	2.788973
0.000000	17.000000	-1.619495	11.384878
0.000000	18.000000	-0.118886	1.625904
0.000000	19.000000	-7.584781	7.762101
0.000000	20.000000	0.772258	11.541412
1.000000	1.000000	-1.270298	20.928745
1.000000	2.000000	-1.657016	21.296625
1.000000	3.000000	-0.049036	24.251787
1.000000	4.000000	10.736449	16.071538
1.000000	5.000000	5.663427	8.104999
1.000000	6.000000	26.608992	2.752275
1.000000	7.000000	-8.770630	13.904077
1.000000	8.000000	7.957451	-9.370722
1.000000	9.000000	-2.373433	5.119804
1.000000	10.000000	-19.116307	17.716028
1.000000	11.000000	18.139010	13.245539
1.000000	12.000000	-9.736757	14.311129
1.000000	13.000000	39.589548	-2.680993
1.000000	14.000000	37.348505	-3.648349
1.000000	15.000000	6.068206	16.741625
1.000000	16.000000	2.571698	4.544429
1.000000	17.000000	-5.675104	21.920194
1.000000	18.000000	0.545456	2.526916
1.000000	19.000000	-14.277143	14.652710
1.000000	20.000000	2.034054	21.244954
2.000000	1.000000	-3.155220	13.344796
2.000000	2.000000	-1.643066	13.452101
2.000000	3.000000	-1.021938	15.637849
2.000000	4.000000	7.783947	11.386314
2.000000	5.000000	3.273844	4.087407
2.000000	6.000000	19.110297	0.608326
2.000000	7.000000	-6.687794	8.153994
2.000000	8.000000	5.634099	-5.979075
2.000000	9.000000	-1.113546	2.924174
2.000000	10.000000	-15.179876	11.929102
2.000000	11.000000	12.479491	8.981290
2.000000	12.000000	-6.781509	9.031290
2.000000	13.000000	28.876654	-2.765161
2.000000	14.000000	26.476368	-3.992955
2.000000	15.000000	4.517540	11.094529
2.000000	16.000000	2.849028	2.553323
2.000000	17.000000	-5.051990	14.383855
2.000000	18.000000	0.760109	1.344664
2.000000	19.000000	-9.199007	9.463193
2.000000	20.000000	1.618915	13.433530
3.000000	1.000000	-2.438885	-5.240997
3.000000	2.000000	-0.274524	-5.482731
3.000000	3.000000	-1.152324	-5.868393
3.000000	4.000000	-1.585870	-2.686123
3.000000	5.000000	-1.814793	-3.299963
3.000000	6.000000	-4.143490	-2.037144
3.000000	7.000000	0.908656	-4.318481
3.000000	8.000000	-1.334170	2.341898
3.000000	9.000000	1.064381	-1.682231
3.000000	10.000000	1.271293	-3.692527
3.000000	11.000000	-3.468487	-2.687400
3.000000	12.000000	1.764616	-3.694211
3.000000	13.000000	-5.643005	-0.569648
3.000000	14.000000	-6.223668	-1.045652
3.000000	15.000000	-0.757519	-3.699224
3.000000	16.000000	0.777535	-1.542818
3.000000	17.000000	-0.263867	-5.010958
3.000000	18.000000	0.348105	-0.946169
3.000000	19.000000	3.463062	-3.528059
3.000000	20.000000	-0.130905	-5.452893
4.000000	1.000000	0.288138	-19.505957
4.000000	2.000000	1.320343	-19.897439
4.000000	3.000000	-0.332700	-22.536559
4.000000	4.000000	-9.648249	-14.544042
4.000000	5.000000	-5.407261	-7.966747
4.000000	6.000000	-23.981262	-3.003133
4.000000	7.000000	7.755983	-13.230674
4.000000	8.000000	-7.202511	8.732141
4.000000	9.000000	2.364801	-4.901755
4.000000	10.000000	16.674370	-16.269929
4.000000	11.000000	-16.556943	-12.140517
4.000000	12.000000	8.855939	-13.374096
4.000000	13.000000	-35.510404	2.095499
4.000000	14.000000	-33.792728	2.763718
4.000000	15.000000	-5.408057	-15.443228
4.000000	16.000000	-1.934981	-4.367014
4.000000	17.000000	4.741796	-20.274590
4.000000	18.000000	-0.350886	-2.456952
4.000000	19.000000	13.270080	-13.610676
4.000000	20.000000	-1.772803	-19.843790
5.000000	1.000000	2.777612	-17.689631
5.000000	2.000000	1.826681	-17.908111
5.000000	3.000000	0.761212	-20.624921
5.000000	4.000000	-9.756327	-14.411423
5.000000	5.000000	-4.541824	-6.065509
5.000000	6.000000	-24.048174	-1.493250
5.000000	7.000000	8.209049	-11.235108
5.000000	8.000000	-7.132888	7.923350
5.000000	9.000000	1.715610	-4.080128
5.000000	10.000000	18.330605	-15.433921
5.000000	11.000000	-15.995366	-11.584634
5.000000	12.000000	8.646165	-12.027981
5.000000	13.000000	-36.101979	3.033055
5.000000	14.000000	-33.502067	4.294597
5.000000	15.000000	-5.600033	-14.455379
5.000000	16.000000	-3.052242	-3.590915
5.000000	17.000000	5.838183	-18.823252
5.000000	18.000000	-0.760597	-1.942151
5.000000	19.000000	12.136853	-12.472249
5.000000	20.000000	-1.953150	-17.874881
6.000000	1.000000	2.977140	-1.289451
6.000000	2.000000	0.827049	-1.154808
6.000000	3.000000	1.227558	-1.709490
6.000000	4.000000	-1.821001	-2.397602
6.000000	5.000000	0.068027	0.836313
6.000000	6.000000	-4.289062	1.247712
6.000000	7.000000	1.894333	0.023012
6.000000	8.000000	-1.182703	0.582315
6.000000	9.000000	-0.347981	0.105277
6.000000	10.000000	4.874549	-1.873734
6.000000	11.000000	-2.246738	-1.478037
6.000000	12.000000	1.308237	-0.765644
6.000000	13.000000	-6.930017	1.470071
6.000000	14.000000	-5.591313	2.284884
6.000000	15.000000	-1.175177	-1.550090
6.000000	16.000000	-1.653144	0.145640
6.000000	17.000000	2.121399	-1.853469
6.000000	18.000000	-0.543249	0.173816
6.000000	19.000000	0.997646	-1.051333
6.000000	20.000000	-0.523263	-1.169393
7.000000	1.000000	0.722226	16.173790
7.000000	2.000000	-0.854427	16.550553
7.000000	3.000000	0.681869	18.615295
7.000000	4.000000	7.615612	11.592873
7.000000	5.000000	4.621794	7.048654
7.000000	6.000000	19.006079	2.960024
7.000000	7.000000	-5.982127	11.262160
7.000000	8.000000	5.742538	-7.238798
7.000000	9.000000	-2.124686	4.203888
7.000000	10.000000	-12.600230	13.231215
7.000000	11.000000	13.354168	9.847097
7.000000	12.000000	-7.108240	11.127913
7.000000	13.000000	27.955255	-1.304883
7.000000	14.000000	26.929084	-1.608555
7.000000	15.000000	4.218530	12.633139
7.000000	16.000000	1.108854	3.762125
7.000000	17.000000	-3.344329	16.644367
7.000000	18.000000	0.121970	2.146484
7.000000	19.000000	-10.964050	11.236333
7.000000	20.000000	1.338018	16.500177
8.000000	1.000000	-2.128112	20.302882
8.000000	2.000000	-1.831488	20.611149
8.000000	3.000000	-0.425973	23.593082
8.000000	4.000000	10.773690	16.025841
8.000000	5.000000	5.365218	7.449877
8.000000	6.000000	26.632048	2.232005
8.000000	7.000000	-8.926745	13.216452
8.000000	8.000000	7.933461	-9.092032
8.000000	9.000000	-2.149737	4.836690
8.000000	10.000000	-19.687007	17.427960
8.000000	11.000000	17.945503	13.053995
8.000000	12.000000	-9.664474	13.847290
8.000000	13.000000	39.793391	-3.004053
8.000000	14.000000	37.248350	-4.175854
8.000000	15.000000	6.134356	16.401236
8.000000	16.000000	2.956680	4.277004
8.000000	17.000000	-6.052893	21.420097
8.000000	18.000000	0.686633	2.349527
8.000000	19.000000	-13.886659	14.260435
8.000000	20.000000	2.096197	20.566514
9.000000	1.000000	-3.223973	7.693679
9.000000	2.000000	-1.298616	7.679307
9.000000	3.000000	-1.182630	9.120036
9.000000	4.000000	5.049620	7.246634
9.000000	5.000000	1.685398	1.709202
9.000000	6.000000	12.301771	-0.336145
9.000000	7.000000	-4.511891	4.274711
9.000000	8.000000	3.583805	-3.449527
9.000000	9.000000	-0.402482	1.481982
9.000000	10.000000	-10.543235	7.256580
9.000000	11.000000	7.742037	5.498794
9.000000	12.000000	-4.253031	5.150553
9.000000	13.000000	18.824681	-2.226593
9.000000	14.000000	16.858978	-3.300455
9.000000	15.000000	2.992839	6.647670
9.000000	16.000000	2.366932	1.265794
9.000000	17.000000	-3.771274	8.536467
9.000000	18.000000	0.685216	0.615551
9.000000	19.000000	-5.360698	5.527814
9.000000	20.000000	1.126210	7.677211
10.000000	1.000000	-1.661895	-11.258420
10.000000	2.000000	0.304873	-11.583583
10.000000	3.000000	-0.964292	-12.871837
10.000000	4.000000	-4.837505	-7.506912
10.000000	5.000000	-3.383914	-5.440590
10.000000	6.000000	-12.170449	-2.627167
10.000000	7.000000	3.622699	-8.191228
10.000000	8.000000	-3.720446	5.036870
10.000000	9.000000	1.676592	-3.094516
10.000000	10.000000	7.292691	-8.897338
10.000000	11.000000	-8.844193	-6.589775
10.000000	12.000000	4.664736	-7.792452
10.000000	13.000000	-17.663651	0.386536
10.000000	14.000000	-17.429433	0.295936
10.000000	15.000000	-2.616063	-8.586431
10.000000	16.000000	-0.174184	-2.788973
10.000000	17.000000	1.619495	-11.384878
10.000000	18.000000	0.118886	-1.625904
10.000000	19.000000	7.584781	-7.762101
10.000000	20.000000	-0.772258	-11.541412
11.000000	1.000000	1.270298	-20.928745
11.000000	2.000000	1.657016	-21.296625
11.000000	3.000000	0.049036	-24.251787
11.000000	4.000000	-10.736449	-16.071538
11.000000	5.000000	-5.663427	-8.104999
11.000000	6.000000	-26.608992	-2.752275
11.000000	7.000000	8.770630	-13.904077
11.000000	8.000000	-7.957451	9.370722
11.000000	9.000000	2.373433	-5.119804
11.000000	10.000000	19.116307	-17.716028
11.000000	11.000000	-18.139010	-13.245539
11.000000	12.000000	9.736757	-14.311129
11.000000	13.000000	-39.589548	2.680993
11.000000	14.000000	-37.348505	3.648349
11.000000	15.000000	-6.068206	-16.741625
11.000000	16.000000	-2.571698	-4.544429
11.000000	17.000000	5.675104	-21.920194
11.000000	18.000000	-0.545456	-2.526916
11.000000	19.000000	14.277143	-14.652710
11.000000	20.000000	-2.034054	-21.244954
12.000000	1.000000	3.155220	-13.344796
12.000000	2.000000	1.643066	-13.452101
12.000000	3.000000	1.021938	-15.637849
12.000000	4.000000	-7.783947	-11.386314
12.000000	5.000000	-3.273844	-4.087407
12.000000	6.000000	-19.110297	-0.608326
12.000000	7.000000	6.687794	-8.153994
12.000000	8.000000	-5.634099	5.979075
12.000000	9.000000	1.113546	-2.924174
12.000000	10.000000	15.179876	-11.929102
12.000000	11.000000	-12.479491	-8.981290
12.000000	12.000000	6.781509	-9.031290
12.000000	13.000000	-28.876654	2.765161
12.000000	14.000000	-26.476368	3.992955
12.000000	15.000000	-4.517540	-11.094529
12.000000	16.000000	-2.849028	-2.553323
12.000000	17.000000	5.051990	-14.383855
12.000000	18.000000	-0.760109	-1.344664
12.000000	19.000000	9.199007	-9.463193
12.000000	20.000000	-1.618915	-13.433530
13.000000	1.000000	2.438885	5.240997
13.000000	2.000000	0.274524	5.482731
13.000000	3.000000	1.152324	5.868393
13.000000	4.000000	1.585870	2.686123
13.000000	5.000000	1.814793	3.299963
13.000000	6.000000	4.143490	2.037144
13.000000	7.000000	-0.908656	4.318481
13.000000	8.000000	1.334170	-2.341898
13.000000	9.000000	-1.064381	1.682231
13.000000	10.000000	-1.271293	3.692527
13.000000	11.000000	3.468487	2.687400
13.000000	12.000000	-1.764616	3.694211
13.000000	13.000000	5.643005	0.569648
13.000000	14.000000	6.223668	1.045652
13.000000	15.000000	0.757519	3.699224
13.000000	16.000000	-0.777535	1.542818
13.000000	17.000000	0.263867	5.010958
13.000000	18.000000	-0.348105	0.946169
13.000000	19.000000	-3.463062	3.528059
13.000000	20.000000	0.130905	5.452893
14.000000	1.000000	-0.288138	19.505957
14.000000	2.000000	-1.320343	19.897439
14.000000	3.000000	0.332700	22.536559
14.000000	4.000000	9.648249	14.544042
14.000000	5.000000	5.407261	7.966747
14.000000	6.000000	23.981262	3.003133
14.000000	7.000000	-7.755983	13.230674
14.000000	8.000000	7.202511	-8.732141
14.000000	9.000000	-2.364801	4.901755
14.000000	10.000000	-16.674370	16.269929
14.000000	11.000000	16.556943	12.140517
14.000000	12.000000	-8.855939	13.374096
14.000000	13.000000	35.510404	-2.095499
14.000000	14.000000	33.792728	-2.763718
14.000000	15.000000	5.408057	15.443228
14.000000	16.000000	1.934981	4.367014
14.000000	17.000000	-4.741796	20.274590
14.000000	18.000000	0.350886	2.456952
14.000000	19.000000	-13.270080	13.610676
14.000000	20.000000	1.772803	19.843790
15.000000	1.000000	-2.777612	17.689631
15.000000	2.000000	-1.826681	17.908111
15.000000	3.000000	-0.761212	20.624921
15.000000	4.000000	9.756327	14.411423
15.000000	5.000000	4.541824	6.065509
15.000000	6.000000	24.048174	1.493250
15.000000	7.000000	-8.209049	11.235108
15.000000	8.000000	7.132888	-7.923350
15.000000	9.000000	-1.715610	4.080128
15.000000	10.000000	-18.330605	15.433921
15.000000	11.000000	15.995366	11.584634
15.000000	12.000000	-8.646165	12.027981
15.000000	13.000000	36.101979	-3.033055
15.000000	14.000000	33.502067	-4.294597
15.000000	15.000000	5.600033	14.455379
15.000000	16.000000	3.052242	3.590915
15.000000	17.000000	-5.838183	18.823252
15.000000	18.000000	0.760597	1.942151
15.000000	19.000000	-12.136853	12.472249
15.000000	20.000000	1.953150	17.874881
16.000000	1.000000	-2.977140	1.289451
16.000000	2.000000	-0.827049	1.154808
16.000000	3.000000	-1.227558	1.709490
16.000000	4.000000	1.821001	2.397602
16.000000	5.000000	-0.068027	-0.836313
16.000000	6.000000	4.289062	-1.247712
16.000000	7.000000	-1.894333	-0.023012
16.000000	8.000000	1.182703	-0.582315
16.000000	9.000000	0.347981	-0.105277
16.000000	10.000000	-4.874549	1.873734
16.000000	11.000000	2.246738	1.478037
16.000000	12.000000	-1.308237	0.765644
16.000000	13.000000	6.930017	-1.470071
16.000000	14.000000	5.591313	-2.284884
16.000000	15.000000	1.175177	1.550090
16.000000	16.000000	1.653144	-0.145640
16.000000	17.000000	-2.121399	1.853469
16.000000	18.000000	0.543249	-0.173816
16.000000	19.000000	-0.997646	1.051333
16.000000	20.000000	0.523263	1.169393
17.000000	1.000000	-0.722226	-16.173790
17.000000	2.000000	0.854427	-16.550553
17.000000	3.000000	-0.681869	-18.615295
17.000000	4.000000	-7.615612	-11.592873
17.000000	5.000000	-4.621794	-7.048654
17.000000	6.000000	-19.006079	-2.960024
17.000000	7.000000	5.982127	-11.262160
17.000000	8.000000	-5.742538	7.238798
17.000000	9.000000	2.124686	-4.203888
17.000000	10.000000	12.600230	-13.231215
17.000000	11.000000	-13.354168	-9.847097
17.000000	12.000000	7.108240	-11.127913
17.000000	13.000000	-27.955255	1.304883
17.000000	14.000000	-26.929084	1.608555
17.000000	15.000000	-4.218530	-12.633139
17.000000	16.000000	-1.108854	-3.762125
17.000000	17.000000	3.344329	-16.644367
17.000000	18.000000	-0.121970	-2.146484
17.000000	19.000000	10.964050	-11.236333
17.000000	20.000000	-1.338018	-16.500177
18.000000	1.000000	2.128112	-20.302882
18.000000	2.000000	1.831488	-20.611149
18.000000	3.000000	0.425973	-23.593082
18.000000	4.000000	-10.773690	-16.025841
18.000000	5.000000	-5.365218	-7.449877
18.000000	6.000000	-26.632048	-2.232005
18.000000	7.000000	8.926745	-13.216452
18.000000	8.000000	-7.933461	9.092032
18.000000	9.000000	2.149737	-4.836690
18.000000	10.000000	19.687007	-17.427960
18.000000	11.000000	-17.945503	-13.053995
18.000000	12.000000	9.664474	-13.847290
18.000000	13.000000	-39.793391	3.004053
18.000000	14.000000	-37.248350	4.175854
18.000000	15.000000	-6.134356	-16.401236
18.000000	16.000000	-2.956680	-4.277004
18.000000	17.000000	6.052893	-21.420097
18.000000	18.000000	-0.686633	-2.349527
18.000000	19.000000	13.886659	-14.260435
18.000000	20.000000	-2.096197	-20.566514
19.000000	1.000000	3.223973	-7.693679
19.000000	2.000000	1.298616	-7.679307
19.000000	3.000000	1.182630	-9.120036
19.000000	4.000000	-5.049620	-7.246634
19.000000	5.000000	-1.685398	-1.709202
19.000000	6.000000	-12.301771	0.336145
19.000000	7.000000	4.511891	-4.274711
19.000000	8.000000	-3.583805	3.449527
19.000000	9.000000	0.402482	-1.481982
19.000000	10.000000	10.543235	-7.256580
19.000000	11.000000	-7.742037	-5.498794
19.000000	12.000000	4.253031	-5.150553
19.000000	13.000000	-18.824681	2.226593
19.000000	14.000000	-16.858978	3.300455
19.000000	15.000000	-2.992839	-6.647670
19.000000	16.000000	-2.366932	-1.265794
19.000000	17.000000	3.771274	-8.536467
19.000000	18.000000	-0.685216	-0.615551
19.000000	19.000000	5.360698	-5.527814
19.000000	20.000000	-1.126210	-7.677211
