0.000000	1.000000	2.033601	7.503298
0.000000	2.000000	-0.866418	0.154094
0.000000	3.000000	3.940262	6.771474
0.000000	4.000000	0.381284	2.392155
0.000000	5.000000	8.737060	4.521423
0.000000	6.000000	-1.255134	6.907415
0.000000	7.000000	-1.268607	7.639916
0.000000	8.000000	-0.946994	8.470102
0.000000	9.000000	-1.486517	9.476905
0.000000	10.000000	-0.503147	10.383485
0.000000	11.000000	4.926833	7.533413
0.000000	12.000000	3.008791	2.876786
0.000000	13.000000	12.444392	1.021266
0.000000	14.000000	-4.997057	5.665003
0.000000	15.000000	3.809296	-4.931164
0.000000	16.000000	-0.916520	1.917694
0.000000	17.000000	-8.426156	7.938479
0.000000	18.000000	8.180478	5.808503
0.000000	19.000000	-5.108464	6.656484
0.000000	20.000000	18.173482	-1.298468
1.000000	1.000000	-0.380932	-1.292651
1.000000	2.000000	0.190373	-0.027107
1.000000	3.000000	-1.662229	-1.284019
1.000000	4.000000	-0.201930	-0.493292
1.000000	5.000000	-1.724327	-1.007319
1.000000	6.000000	-0.406758	-1.695021
1.000000	7.000000	0.473294	-1.387769
1.000000	8.000000	0.062250	-1.512027
1.000000	9.000000	0.172921	-1.892368
1.000000	10.000000	0.163626	-2.181876
1.000000	11.000000	-0.873175	-1.585722
1.000000	12.000000	-0.584248	-0.384836
1.000000	13.000000	-1.987920	-0.521876
1.000000	14.000000	1.142514	-1.215880
1.000000	15.000000	0.024670	0.706133
1.000000	16.000000	0.052864	-0.454807
1.000000	17.000000	0.913772	-1.631934
1.000000	18.000000	-1.779586	-1.113573
1.000000	19.000000	0.729869	-1.877441
1.000000	20.000000	-3.306924	-0.202946
2.000000	1.000000	-1.585789	-5.983695
2.000000	2.000000	0.642621	-0.122228
2.000000	3.000000	-1.986194	-5.262020
2.000000	4.000000	-0.143901	-1.812255
2.000000	5.000000	-6.709992	-3.337248
2.000000	6.000000	1.733307	-4.914798
2.000000	7.000000	0.712217	-6.008496
2.000000	8.000000	0.873816	-6.692608
2.000000	9.000000	1.283236	-7.252293
2.000000	10.000000	0.310792	-7.818536
2.000000	11.000000	-3.900355	-5.669285
2.000000	12.000000	-2.321967	-2.424384
2.000000	13.000000	-10.107452	-0.407765
2.000000	14.000000	3.653951	-4.235650
2.000000	15.000000	-3.838297	4.101056
2.000000	16.000000	0.854374	-1.383036
2.000000	17.000000	7.351953	-6.020026
2.000000	18.000000	-6.088449	-4.499420
2.000000	19.000000	4.250452	-4.449420
2.000000	20.000000	-14.285959	1.537045
3.000000	1.000000	2.245138	8.326907
3.000000	2.000000	-0.945819	0.170794
3.000000	3.000000	3.997141	7.469894
3.000000	4.000000	0.371096	2.623726
3.000000	5.000000	9.612395	4.930490
3.000000	6.000000	-1.630867	7.472713
3.000000	7.000000	-1.310555	8.451179
3.000000	8.000000	-1.089481	9.379659
3.000000	9.000000	-1.681455	10.417950
3.000000	10.000000	-0.528985	11.373116
3.000000	11.000000	5.458317	8.250366
3.000000	12.000000	3.313884	3.234871
3.000000	13.000000	13.869943	1.001232
3.000000	14.000000	-5.437991	6.195185
3.000000	15.000000	4.487519	-5.527212
3.000000	16.000000	-1.057241	2.080664
3.000000	17.000000	-9.556511	8.708899
3.000000	18.000000	8.936987	6.402958
3.000000	19.000000	-5.726575	7.108048
3.000000	20.000000	20.101076	-1.603959
4.000000	1.000000	-1.053530	-3.805171
4.000000	2.000000	0.469256	-0.078553
4.000000	3.000000	-2.712727	-3.519367
4.000000	4.000000	-0.292348	-1.272120
4.000000	5.000000	-4.590057	-2.458890
4.000000	6.000000	0.183892	-3.869903
4.000000	7.000000	0.828433	-3.926461
4.000000	8.000000	0.406947	-4.333843
4.000000	9.000000	0.693433	-4.994741
4.000000	10.000000	0.311066	-5.551364
4.000000	11.000000	-2.516281	-4.029602
4.000000	12.000000	-1.573737	-1.378434
4.000000	13.000000	-6.197644	-0.769254
4.000000	14.000000	2.738791	-3.047227
4.000000	15.000000	-1.437098	2.396572
4.000000	16.000000	0.388488	-1.062931
4.000000	17.000000	3.882400	-4.217898
4.000000	18.000000	-4.417609	-3.027709
4.000000	19.000000	2.481541	-3.906591
4.000000	20.000000	-9.344273	0.348521
5.000000	1.000000	-1.006640	-3.853660
5.000000	2.000000	0.394175	-0.078450
5.000000	3.000000	-0.808140	-3.332630
5.000000	4.000000	-0.027420	-1.128260
5.000000	5.000000	-4.216460	-2.039891
5.000000	6.000000	1.414689	-2.923369
5.000000	7.000000	0.336674	-3.835347
5.000000	8.000000	0.611087	-4.284921
5.000000	9.000000	0.866275	-4.546279
5.000000	10.000000	0.163304	-4.847097
5.000000	11.000000	-2.500251	-3.513285
5.000000	12.000000	-1.463845	-1.614424
5.000000	13.000000	-6.584176	-0.096919
5.000000	14.000000	2.218349	-2.612955
5.000000	15.000000	-2.798109	2.709873
5.000000	16.000000	0.600547	-0.831114
5.000000	17.000000	4.992476	-3.750462
5.000000	18.000000	-3.743776	-2.843673
5.000000	19.000000	2.809349	-2.515574
5.000000	20.000000	-9.116224	1.194247
6.000000	1.000000	2.236906	8.335420
6.000000	2.000000	-0.932637	0.170776
6.000000	3.000000	3.662752	7.437108
6.000000	4.000000	0.324583	2.598469
6.000000	5.000000	9.546803	4.856926
6.000000	6.000000	-1.846959	7.306530
6.000000	7.000000	-1.224217	8.435182
6.000000	8.000000	-1.125322	9.371070
6.000000	9.000000	-1.711801	10.339213
6.000000	10.000000	-0.503042	11.249468
6.000000	11.000000	5.455502	8.159716
6.000000	12.000000	3.294590	3.276304
6.000000	13.000000	13.937806	0.883190
6.000000	14.000000	-5.346617	6.118940
6.000000	15.000000	4.726472	-5.582219
6.000000	16.000000	-1.094473	2.039963
6.000000	17.000000	-9.751408	8.626830
6.000000	18.000000	8.818682	6.370646
6.000000	19.000000	-5.784128	6.863826
6.000000	20.000000	20.061038	-1.752443
7.000000	1.000000	-1.623001	-5.945214
7.000000	2.000000	0.702205	-0.122310
7.000000	3.000000	-3.497683	-5.410215
7.000000	4.000000	-0.354150	-1.926423
7.000000	5.000000	-7.006480	-3.669768
7.000000	6.000000	0.756541	-5.665971
7.000000	7.000000	1.102479	-6.080804
7.000000	8.000000	0.711809	-6.731432
7.000000	9.000000	1.146068	-7.608195
7.000000	10.000000	0.428057	-8.377446
7.000000	11.000000	-3.913077	-6.079037
7.000000	12.000000	-2.409178	-2.237102
7.000000	13.000000	-9.800698	-0.941332
7.000000	14.000000	4.066976	-4.580290
7.000000	15.000000	-2.758192	3.852419
7.000000	16.000000	0.686083	-1.567007
7.000000	17.000000	6.470991	-6.390986
7.000000	18.000000	-6.623207	-4.645471
7.000000	19.000000	3.990302	-5.553337
7.000000	20.000000	-14.466940	0.865873
8.000000	1.000000	-0.328954	-1.346402
8.000000	2.000000	0.107145	-0.026993
8.000000	3.000000	0.449022	-1.077018
8.000000	4.000000	0.091745	-0.333822
8.000000	5.000000	-1.310192	-0.542855
8.000000	6.000000	0.957592	-0.645781
8.000000	7.000000	-0.071825	-1.286768
8.000000	8.000000	0.288541	-1.457797
8.000000	9.000000	0.364518	-1.395244
8.000000	10.000000	-0.000169	-1.401190
8.000000	11.000000	-0.855405	-1.013380
8.000000	12.000000	-0.462432	-0.646433
8.000000	13.000000	-2.416394	0.223413
8.000000	14.000000	0.565600	-0.734486
8.000000	15.000000	-1.484023	1.053429
8.000000	16.000000	0.287934	-0.197836
8.000000	17.000000	2.144302	-1.113776
8.000000	18.000000	-1.032636	-0.909567
8.000000	19.000000	1.093247	-0.335486
8.000000	20.000000	-3.054130	0.734548
9.000000	1.000000	2.009709	7.528004
9.000000	2.000000	-0.828162	0.154041
9.000000	3.000000	2.969827	6.676327
9.000000	4.000000	0.246297	2.318855
9.000000	5.000000	8.546703	4.307932
9.000000	6.000000	-1.882257	6.425132
9.000000	7.000000	-1.018043	7.593491
9.000000	8.000000	-1.051009	8.445175
9.000000	9.000000	-1.574584	9.248402
9.000000	10.000000	-0.427858	10.024643
9.000000	11.000000	4.918665	7.270336
9.000000	12.000000	2.952799	2.997029
9.000000	13.000000	12.641340	0.678695
9.000000	14.000000	-4.731878	5.443730
9.000000	15.000000	4.502766	-5.090799
9.000000	16.000000	-1.024569	1.799577
9.000000	17.000000	-8.991769	7.700308
9.000000	18.000000	7.837143	5.714732
9.000000	19.000000	-5.275491	5.947725
9.000000	20.000000	18.057285	-1.729386
10.000000	1.000000	-2.033601	-7.503298
10.000000	2.000000	0.866418	-0.154094
10.000000	3.000000	-3.940262	-6.771474
10.000000	4.000000	-0.381284	-2.392155
10.000000	5.000000	-8.737060	-4.521423
10.000000	6.000000	1.255134	-6.907415
10.000000	7.000000	1.268607	-7.639916
10.000000	8.000000	0.946994	-8.470102
10.000000	9.000000	1.486517	-9.476905
10.000000	10.000000	0.503147	-10.383485
10.000000	11.000000	-4.926833	-7.533413
10.000000	12.000000	-3.008791	-2.876786
10.000000	13.000000	-12.444392	-1.021266
10.000000	14.000000	4.997057	-5.665003
10.000000	15.000000	-3.809296	4.931164
10.000000	16.000000	0.916520	-1.917694
10.000000	17.000000	8.426156	-7.938479
10.000000	18.000000	-8.180478	-5.808503
10.000000	19.000000	5.108464	-6.656484
10.000000	20.000000	-18.173482	1.298468
11.000000	1.000000	0.380932	1.292651
11.000000	2.000000	-0.190373	0.027107
11.000000	3.000000	1.662229	1.284019
11.000000	4.000000	0.201930	0.493292
11.000000	5.000000	1.724327	1.007319
11.000000	6.000000	0.406758	1.695021
11.000000	7.000000	-0.473294	1.387769
11.000000	8.000000	-0.062250	1.512027
11.000000	9.000000	-0.172921	1.892368
11.000000	10.000000	-0.163626	2.181876
11.000000	11.000000	0.873175	1.585722
11.000000	12.000000	0.584248	0.384836
11.000000	13.000000	1.987920	0.521876
11.000000	14.000000	-1.142514	1.215880
11.000000	15.000000	-0.024670	-0.706133
11.000000	16.000000	-0.052864	0.454807
11.000000	17.000000	-0.913772	1.631934
11.000000	18.000000	1.779586	1.113573
11.000000	19.000000	-0.729869	1.877441
11.000000	20.000000	3.306924	0.202946
12.000000	1.000000	1.585789	5.983695
12.000000	2.000000	-0.642621	0.122228
12.000000	3.000000	1.986194	5.262020
12.000000	4.000000	0.143901	1.812255
12.000000	5.000000	6.709992	3.337248
12.000000	6.000000	-1.733307	4.914798
12.000000	7.000000	-0.712217	6.008496
12.000000	8.000000	-0.873816	6.692608
12.000000	9.000000	-1.283236	7.252293
12.000000	10.000000	-0.310792	7.818536
12.000000	11.000000	3.900355	5.669285
12.000000	12.000000	2.321967	2.424384
12.000000	13.000000	10.107452	0.407765
12.000000	14.000000	-3.653951	4.235650
12.000000	15.000000	3.838297	-4.101056
12.000000	16.000000	-0.854374	1.383036
12.000000	17.000000	-7.351953	6.020026
12.000000	18.000000	6.088449	4.499420
12.000000	19.000000	-4.250452	4.449420
12.000000	20.000000	14.285959	-1.537045
13.000000	1.000000	-2.245138	-8.326907
13.000000	2.000000	0.945819	-0.170794
13.000000	3.000000	-3.997141	-7.469894
13.000000	4.000000	-0.371096	-2.623726
13.000000	5.000000	-9.612395	-4.930490
13.000000	6.000000	1.630867	-7.472713
13.000000	7.000000	1.310555	-8.451179
13.000000	8.000000	1.089481	-9.379659
13.000000	9.000000	1.681455	-10.417950
13.000000	10.000000	0.528985	-11.373116
13.000000	11.000000	-5.458317	-8.250366
13.000000	12.000000	-3.313884	-3.234871
13.000000	13.000000	-13.869943	-1.001232
13.000000	14.000000	5.437991	-6.195185
13.000000	15.000000	-4.487519	5.527212
13.000000	16.000000	1.057241	-2.080664
13.000000	17.000000	9.556511	-8.708899
13.000000	18.000000	-8.936987	-6.402958
13.000000	19.000000	5.726575	-7.108048
13.000000	20.000000	-20.101076	1.603959
14.000000	1.000000	1.053530	3.805171
14.000000	2.000000	-0.469256	0.078553
14.000000	3.000000	2.712727	3.519367
14.000000	4.000000	0.292348	1.272120
14.000000	5.000000	4.590057	2.458890
14.000000	6.000000	-0.183892	3.869903
14.000000	7.000000	-0.828433	3.926461
14.000000	8.000000	-0.406947	4.333843
14.000000	9.000000	-0.693433	4.994741
14.000000	10.000000	-0.311066	5.551364
14.000000	11.000000	2.516281	4.029602
14.000000	12.000000	1.573737	1.378434
14.000000	13.000000	6.197644	0.769254
14.000000	14.000000	-2.738791	3.047227
14.000000	15.000000	1.437098	-2.396572
14.000000	16.000000	-0.388488	1.062931
14.000000	17.000000	-3.882400	4.217898
14.000000	18.000000	4.417609	3.027709
14.000000	19.000000	-2.481541	3.906591
14.000000	20.000000	9.344273	-0.348521
15.000000	1.000000	1.006640	3.853660
15.000000	2.000000	-0.394175	0.078450
15.000000	3.000000	0.808140	3.332630
15.000000	4.000000	0.027420	1.128260
15.000000	5.000000	4.216460	2.039891
15.000000	6.000000	-1.414689	2.923369
15.000000	7.000000	-0.336674	3.835347
15.000000	8.000000	-0.611087	4.284921
15.000000	9.000000	-0.866275	4.546279
15.000000	10.000000	-0.163304	4.847097
15.000000	11.000000	2.500251	3.513285
15.000000	12.000000	1.463845	1.614424
15.000000	13.000000	6.584176	0.096919
15.000000	14.000000	-2.218349	2.612955
15.000000	15.000000	2.798109	-2.709873
15.000000	16.000000	-0.600547	0.831114
15.000000	17.000000	-4.992476	3.750462
15.000000	18.000000	3.743776	2.843673
15.000000	19.000000	-2.809349	2.515574
15.000000	20.000000	9.116224	-1.194247
16.000000	1.000000	-2.236906	-8.335420
16.000000	2.000000	0.932637	-0.170776
16.000000	3.000000	-3.662752	-7.437108
16.000000	4.000000	-0.324583	-2.598469
16.000000	5.000000	-9.546803	-4.856926
16.000000	6.000000	1.846959	-7.306530
16.000000	7.000000	1.224217	-8.435182
16.000000	8.000000	1.125322	-9.371070
16.000000	9.000000	1.711801	-10.339213
16.000000	10.000000	0.503042	-11.249468
16.000000	11.000000	-5.455502	-8.159716
16.000000	12.000000	-3.294590	-3.276304
16.000000	13.000000	-13.937806	-0.883190
16.000000	14.000000	5.346617	-6.118940
16.000000	15.000000	-4.726472	5.582219
16.000000	16.000000	1.094473	-2.039963
16.000000	17.000000	9.751408	-8.626830
16.000000	18.000000	-8.818682	-6.370646
16.000000	19.000000	5.784128	-6.863826
16.000000	20.000000	-20.061038	1.752443
17.000000	1.000000	1.623001	5.945214
17.000000	2.000000	-0.702205	0.122310
17.000000	3.000000	3.497683	5.410215
17.000000	4.000000	0.354150	1.926423
17.000000	5.000000	7.006480	3.669768
17.000000	6.000000	-0.756541	5.665971
17.000000	7.000000	-1.102479	6.080804
17.000000	8.000000	-0.711809	6.731432
17.000000	9.000000	-1.146068	7.608195
17.000000	10.000000	-0.428057	8.377446
17.000000	11.000000	3.913077	6.079037
17.000000	12.000000	2.409178	2.237102
17.000000	13.000000	9.800698	0.941332
17.000000	14.000000	-4.066976	4.580290
17.000000	15.000000	2.758192	-3.852419
17.000000	16.000000	-0.686083	1.567007
17.000000	17.000000	-6.470991	6.390986
17.000000	18.000000	6.623207	4.645471
17.000000	19.000000	-3.990302	5.553337
17.000000	20.000000	14.466940	-0.865873
18.000000	1.000000	0.328954	1.346402
18.000000	2.000000	-0.107145	0.026993
18.000000	3.000000	-0.449022	1.077018
18.000000	4.000000	-0.091745	0.333822
18.000000	5.000000	1.310192	0.542855
18.000000	6.000000	-0.957592	0.645781
18.000000	7.000000	0.071825	1.286768
18.000000	8.000000	-0.288541	1.457797
18.000000	9.000000	-0.364518	1.395244
18.000000	10.000000	0.000169	1.401190
18.000000	11.000000	0.855405	1.013380
18.000000	12.000000	0.462432	0.646433
18.000000	13.000000	2.416394	-0.223413
18.000000	14.000000	-0.565600	0.734486
18.000000	15.000000	1.484023	-1.053429
18.000000	16.000000	-0.287934	0.197836
18.000000	17.000000	-2.144302	1.113776
18.000000	18.000000	1.032636	0.909567
18.000000	19.000000	-1.093247	0.335486
18.000000	20.000000	3.054130	-0.734548
19.000000	1.000000	-2.009709	-7.528004
19.000000	2.000000	0.828162	-0.154041
19.000000	3.000000	-2.969827	-6.676327
19.000000	4.000000	-0.246297	-2.318855
19.000000	5.000000	-8.546703	-4.307932
19.000000	6.000000	1.882257	-6.425132
19.000000	7.000000	1.018043	-7.593491
19.000000	8.000000	1.051009	-8.445175
19.000000	9.000000	1.574584	-9.248402
19.000000	10.000000	0.427858	-10.024643
19.000000	11.000000	-4.918665	-7.270336
19.000000	12.000000	-2.952799	-2.997029
19.000000	13.000000	-12.641340	-0.678695
19.000000	14.000000	4.731878	-5.443730
19.000000	15.000000	-4.502766	5.090799
19.000000	16.000000	1.024569	-1.799577
19.000000	17.000000	8.991769	-7.700308
19.000000	18.000000	-7.837143	-5.714732
19.000000	19.000000	5.275491	-5.947725
19.000000	20.000000	-18.057285	1.729386
