0.000000	1.000000	3.518237	4.925532
0.000000	2.000000	0.901393	6.421885
0.000000	3.000000	4.171885	7.376393
0.000000	4.000000	5.918566	4.091844
0.000000	5.000000	2.016844	6.601393
0.000000	6.000000	2.488525	8.133688
0.000000	7.000000	-0.915451	0.101393
0.000000	8.000000	2.550532	6.678647
0.000000	9.000000	-0.050000	2.226393
0.000000	10.000000	8.298607	4.224139
0.000000	11.000000	-1.283156	6.438197
0.000000	12.000000	-0.843237	8.002786
0.000000	13.000000	-0.834017	8.619630
0.000000	14.000000	-1.264058	9.541844
0.000000	15.000000	-0.435942	10.671024
0.000000	16.000000	4.709549	7.125532
0.000000	17.000000	2.942705	2.955041
0.000000	18.000000	12.331763	0.949139
0.000000	19.000000	-3.852254	5.823278
0.000000	20.000000	4.593237	-5.421353
1.000000	1.000000	-1.886726	-3.161522
1.000000	2.000000	-0.264387	-3.653163
1.000000	3.000000	-2.244350	-4.279024
1.000000	4.000000	-3.715499	-2.707546
1.000000	5.000000	-1.285207	-3.915828
1.000000	6.000000	-1.362461	-5.318740
1.000000	7.000000	0.478976	-0.145492
1.000000	8.000000	-1.335004	-3.993082
1.000000	9.000000	0.037336	-1.238322
1.000000	10.000000	-5.165092	-2.742956
1.000000	11.000000	0.790248	-3.778163
1.000000	12.000000	0.407953	-5.002428
1.000000	13.000000	0.372542	-5.194601
1.000000	14.000000	0.973936	-6.002225
1.000000	15.000000	0.178976	-6.841611
1.000000	16.000000	-2.893817	-4.391689
1.000000	17.000000	-1.977380	-1.736397
1.000000	18.000000	-7.470916	-0.782624
1.000000	19.000000	2.800783	-3.490499
1.000000	20.000000	-2.758939	3.392424
2.000000	1.000000	-0.465451	0.189919
2.000000	2.000000	-0.473607	-0.510942
2.000000	3.000000	-0.540451	-0.452786
2.000000	4.000000	0.093237	0.289058
2.000000	5.000000	0.062664	-0.265451
2.000000	6.000000	-0.284017	0.472214
2.000000	7.000000	0.140451	0.134017
2.000000	8.000000	-0.390451	-0.217705
2.000000	9.000000	-0.010410	-0.222746
2.000000	10.000000	0.058688	0.214058
2.000000	11.000000	0.004508	-0.325000
2.000000	12.000000	0.183156	0.091312
2.000000	13.000000	0.231231	-0.214590
2.000000	14.000000	-0.311803	0.169959
2.000000	15.000000	0.146353	0.398936
2.000000	16.000000	-0.027254	-0.019630
2.000000	17.000000	0.256763	-0.145492
2.000000	18.000000	-0.243566	0.317173
2.000000	19.000000	-0.679508	-0.175532
2.000000	20.000000	-0.129180	-0.067705
3.000000	1.000000	2.639841	2.854228
3.000000	2.000000	1.030698	4.479885
3.000000	3.000000	3.118817	5.011648
3.000000	4.000000	3.564638	2.239841
3.000000	5.000000	1.183814	4.345336
3.000000	6.000000	1.822010	4.554682
3.000000	7.000000	-0.706231	-0.071353
3.000000	8.000000	1.966766	4.345336
3.000000	9.000000	-0.020492	1.598732
3.000000	10.000000	5.070133	2.396604
3.000000	11.000000	-0.797542	4.304024
3.000000	12.000000	-0.704305	4.854682
3.000000	13.000000	-0.746681	5.541814
3.000000	14.000000	-0.469427	5.727225
3.000000	15.000000	-0.415780	6.196120
3.000000	16.000000	2.937916	4.423452
3.000000	17.000000	1.561929	1.971807
3.000000	18.000000	7.865015	0.269427
3.000000	19.000000	-1.701316	3.774516
3.000000	20.000000	2.967956	-3.282875
4.000000	1.000000	-3.805902	-4.808156
4.000000	2.000000	-1.194098	-6.737664
4.000000	3.000000	-4.505902	-7.656231
4.000000	4.000000	-5.860942	-3.913197
4.000000	5.000000	-1.978115	-6.765451
4.000000	6.000000	-2.664058	-7.841844
4.000000	7.000000	1.002254	-0.018566
4.000000	8.000000	-2.791844	-6.813197
4.000000	9.000000	0.043566	-2.364058
4.000000	10.000000	-8.262336	-4.091844
4.000000	11.000000	1.285942	-6.639058
4.000000	12.000000	0.956434	-7.946353
4.000000	13.000000	0.976925	-8.752254
4.000000	14.000000	1.071353	-9.436803
4.000000	15.000000	0.526393	-10.424468
4.000000	16.000000	-4.726393	-7.137664
4.000000	17.000000	-2.784017	-3.044959
4.000000	18.000000	-12.482295	-0.753115
4.000000	19.000000	3.432295	-5.931763
4.000000	20.000000	-4.673075	5.379508
5.000000	1.000000	3.518237	4.925532
5.000000	2.000000	0.901393	6.421885
5.000000	3.000000	4.171885	7.376393
5.000000	4.000000	5.918566	4.091844
5.000000	5.000000	2.016844	6.601393
5.000000	6.000000	2.488525	8.133688
5.000000	7.000000	-0.915451	0.101393
5.000000	8.000000	2.550532	6.678647
5.000000	9.000000	-0.050000	2.226393
5.000000	10.000000	8.298607	4.224139
5.000000	11.000000	-1.283156	6.438197
5.000000	12.000000	-0.843237	8.002786
5.000000	13.000000	-0.834017	8.619630
5.000000	14.000000	-1.264058	9.541844
5.000000	15.000000	-0.435942	10.671024
5.000000	16.000000	4.709549	7.125532
5.000000	17.000000	2.942705	2.955041
5.000000	18.000000	12.331763	0.949139
5.000000	19.000000	-3.852254	5.823278
5.000000	20.000000	4.593237	-5.421353
6.000000	1.000000	-1.886726	-3.161522
6.000000	2.000000	-0.264387	-3.653163
6.000000	3.000000	-2.244350	-4.279024
6.000000	4.000000	-3.715499	-2.707546
6.000000	5.000000	-1.285207	-3.915828
6.000000	6.000000	-1.362461	-5.318740
6.000000	7.000000	0.478976	-0.145492
6.000000	8.000000	-1.335004	-3.993082
6.000000	9.000000	0.037336	-1.238322
6.000000	10.000000	-5.165092	-2.742956
6.000000	11.000000	0.790248	-3.778163
6.000000	12.000000	0.407953	-5.002428
6.000000	13.000000	0.372542	-5.194601
6.000000	14.000000	0.973936	-6.002225
6.000000	15.000000	0.178976	-6.841611
6.000000	16.000000	-2.893817	-4.391689
6.000000	17.000000	-1.977380	-1.736397
6.000000	18.000000	-7.470916	-0.782624
6.000000	19.000000	2.800783	-3.490499
6.000000	20.000000	-2.758939	3.392424
7.000000	1.000000	-0.465451	0.189919
7.000000	2.000000	-0.473607	-0.510942
7.000000	3.000000	-0.540451	-0.452786
7.000000	4.000000	0.093237	0.289058
7.000000	5.000000	0.062664	-0.265451
7.000000	6.000000	-0.284017	0.472214
7.000000	7.000000	0.140451	0.134017
7.000000	8.000000	-0.390451	-0.217705
7.000000	9.000000	-0.010410	-0.222746
7.000000	10.000000	0.058688	0.214058
7.000000	11.000000	0.004508	-0.325000
7.000000	12.000000	0.183156	0.091312
7.000000	13.000000	0.231231	-0.214590
7.000000	14.000000	-0.311803	0.169959
7.000000	15.000000	0.146353	0.398936
7.000000	16.000000	-0.027254	-0.019630
7.000000	17.000000	0.256763	-0.145492
7.000000	18.000000	-0.243566	0.317173
7.000000	19.000000	-0.679508	-0.175532
7.000000	20.000000	-0.129180	-0.067705
8.000000	1.000000	2.639841	2.854228
8.000000	2.000000	1.030698	4.479885
8.000000	3.000000	3.118817	5.011648
8.000000	4.000000	3.564638	2.239841
8.000000	5.000000	1.183814	4.345336
8.000000	6.000000	1.822010	4.554682
8.000000	7.000000	-0.706231	-0.071353
8.000000	8.000000	1.966766	4.345336
8.000000	9.000000	-0.020492	1.598732
8.000000	10.000000	5.070133	2.396604
8.000000	11.000000	-0.797542	4.304024
8.000000	12.000000	-0.704305	4.854682
8.000000	13.000000	-0.746681	5.541814
8.000000	14.000000	-0.469427	5.727225
8.000000	15.000000	-0.415780	6.196120
8.000000	16.000000	2.937916	4.423452
8.000000	17.000000	1.561929	1.971807
8.000000	18.000000	7.865015	0.269427
8.000000	19.000000	-1.701316	3.774516
8.000000	20.000000	2.967956	-3.282875
9.000000	1.000000	-3.805902	-4.808156
9.000000	2.000000	-1.194098	-6.737664
9.000000	3.000000	-4.505902	-7.656231
9.000000	4.000000	-5.860942	-3.913197
9.000000	5.000000	-1.978115	-6.765451
9.000000	6.000000	-2.664058	-7.841844
9.000000	7.000000	1.002254	-0.018566
9.000000	8.000000	-2.791844	-6.813197
9.000000	9.000000	0.043566	-2.364058
9.000000	10.000000	-8.262336	-4.091844
9.000000	11.000000	1.285942	-6.639058
9.000000	12.000000	0.956434	-7.946353
9.000000	13.000000	0.976925	-8.752254
9.000000	14.000000	1.071353	-9.436803
9.000000	15.000000	0.526393	-10.424468
9.000000	16.000000	-4.726393	-7.137664
9.000000	17.000000	-2.784017	-3.044959
9.000000	18.000000	-12.482295	-0.753115
9.000000	19.000000	3.432295	-5.931763
9.000000	20.000000	-4.673075	5.379508
10.000000	1.000000	3.518237	4.925532
10.000000	2.000000	0.901393	6.421885
10.000000	3.000000	4.171885	7.376393
10.000000	4.000000	5.918566	4.091844
10.000000	5.000000	2.016844	6.601393
10.000000	6.000000	2.488525	8.133688
10.000000	7.000000	-0.915451	0.101393
10.000000	8.000000	2.550532	6.678647
10.000000	9.000000	-0.050000	2.226393
10.000000	10.000000	8.298607	4.224139
10.000000	11.000000	-1.283156	6.438197
10.000000	12.000000	-0.843237	8.002786
10.000000	13.000000	-0.834017	8.619630
10.000000	14.000000	-1.264058	9.541844
10.000000	15.000000	-0.435942	10.671024
10.000000	16.000000	4.709549	7.125532
10.000000	17.000000	2.942705	2.955041
10.000000	18.000000	12.331763	0.949139
10.000000	19.000000	-3.852254	5.823278
10.000000	20.000000	4.593237	-5.421353
11.000000	1.000000	-1.886726	-3.161522
11.000000	2.000000	-0.264387	-3.653163
11.000000	3.000000	-2.244350	-4.279024
11.000000	4.000000	-3.715499	-2.707546
11.000000	5.000000	-1.285207	-3.915828
11.000000	6.000000	-1.362461	-5.318740
11.000000	7.000000	0.478976	-0.145492
11.000000	8.000000	-1.335004	-3.993082
11.000000	9.000000	0.037336	-1.238322
11.000000	10.000000	-5.165092	-2.742956
11.000000	11.000000	0.790248	-3.778163
11.000000	12.000000	0.407953	-5.002428
11.000000	13.000000	0.372542	-5.194601
11.000000	14.000000	0.973936	-6.002225
11.000000	15.000000	0.178976	-6.841611
11.000000	16.000000	-2.893817	-4.391689
11.000000	17.000000	-1.977380	-1.736397
11.000000	18.000000	-7.470916	-0.782624
11.000000	19.000000	2.800783	-3.490499
11.000000	20.000000	-2.758939	3.392424
12.000000	1.000000	-0.465451	0.189919
12.000000	2.000000	-0.473607	-0.510942
12.000000	3.000000	-0.540451	-0.452786
12.000000	4.000000	0.093237	0.289058
12.000000	5.000000	0.062664	-0.265451
12.000000	6.000000	-0.284017	0.472214
12.000000	7.000000	0.140451	0.134017
12.000000	8.000000	-0.390451	-0.217705
12.000000	9.000000	-0.010410	-0.222746
12.000000	10.000000	0.058688	0.214058
12.000000	11.000000	0.004508	-0.325000
12.000000	12.000000	0.183156	0.091312
12.000000	13.000000	0.231231	-0.214590
12.000000	14.000000	-0.311803	0.169959
12.000000	15.000000	0.146353	0.398936
12.000000	16.000000	-0.027254	-0.019630
12.000000	17.000000	0.256763	-0.145492
12.000000	18.000000	-0.243566	0.317173
12.000000	19.000000	-0.679508	-0.175532
12.000000	20.000000	-0.129180	-0.067705
13.000000	1.000000	2.639841	2.854228
13.000000	2.000000	1.030698	4.479885
13.000000	3.000000	3.118817	5.011648
13.000000	4.000000	3.564638	2.239841
13.000000	5.000000	1.183814	4.345336
13.000000	6.000000	1.822010	4.554682
13.000000	7.000000	-0.706231	-0.071353
13.000000	8.000000	1.966766	4.345336
13.000000	9.000000	-0.020492	1.598732
13.000000	10.000000	5.070133	2.396604
13.000000	11.000000	-0.797542	4.304024
13.000000	12.000000	-0.704305	4.854682
13.000000	13.000000	-0.746681	5.541814
13.000000	14.000000	-0.469427	5.727225
13.000000	15.000000	-0.415780	6.196120
13.000000	16.000000	2.937916	4.423452
13.000000	17.000000	1.561929	1.971807
13.000000	18.000000	7.865015	0.269427
13.000000	19.000000	-1.701316	3.774516
13.000000	20.000000	2.967956	-3.282875
14.000000	1.000000	-3.805902	-4.808156
14.000000	2.000000	-1.194098	-6.737664
14.000000	3.000000	-4.505902	-7.656231
14.000000	4.000000	-5.860942	-3.913197
14.000000	5.000000	-1.978115	-6.765451
14.000000	6.000000	-2.664058	-7.841844
14.000000	7.000000	1.002254	-0.018566
14.000000	8.000000	-2.791844	-6.813197
14.000000	9.000000	0.043566	-2.364058
14.000000	10.000000	-8.262336	-4.091844
14.000000	11.000000	1.285942	-6.639058
14.000000	12.000000	0.956434	-7.946353
14.000000	13.000000	0.976925	-8.752254
14.000000	14.000000	1.071353	-9.436803
14.000000	15.000000	0.526393	-10.424468
14.000000	16.000000	-4.726393	-7.137664
14.000000	17.000000	-2.784017	-3.044959
14.000000	18.000000	-12.482295	-0.753115
14.000000	19.000000	3.432295	-5.931763
14.000000	20.000000	-4.673075	5.379508
15.000000	1.000000	3.518237	4.925532
15.000000	2.000000	0.901393	6.421885
15.000000	3.000000	4.171885	7.376393
15.000000	4.000000	5.918566	4.091844
15.000000	5.000000	2.016844	6.601393
15.000000	6.000000	2.488525	8.133688
15.000000	7.000000	-0.915451	0.101393
15.000000	8.000000	2.550532	6.678647
15.000000	9.000000	-0.050000	2.226393
15.000000	10.000000	8.298607	4.224139
15.000000	11.000000	-1.283156	6.438197
15.000000	12.000000	-0.843237	8.002786
15.000000	13.000000	-0.834017	8.619630
15.000000	14.000000	-1.264058	9.541844
15.000000	15.000000	-0.435942	10.671024
15.000000	16.000000	4.709549	7.125532
15.000000	17.000000	2.942705	2.955041
15.000000	18.000000	12.331763	0.949139
15.000000	19.000000	-3.852254	5.823278
15.000000	20.000000	4.593237	-5.421353
16.000000	1.000000	-1.886726	-3.161522
16.000000	2.000000	-0.264387	-3.653163
16.000000	3.000000	-2.244350	-4.279024
16.000000	4.000000	-3.715499	-2.707546
16.000000	5.000000	-1.285207	-3.915828
16.000000	6.000000	-1.362461	-5.318740
16.000000	7.000000	0.478976	-0.145492
16.000000	8.000000	-1.335004	-3.993082
16.000000	9.000000	0.037336	-1.238322
16.000000	10.000000	-5.165092	-2.742956
16.000000	11.000000	0.790248	-3.778163
16.000000	12.000000	0.407953	-5.002428
16.000000	13.000000	0.372542	-5.194601
16.000000	14.000000	0.973936	-6.002225
16.000000	15.000000	0.178976	-6.841611
16.000000	16.000000	-2.893817	-4.391689
16.000000	17.000000	-1.977380	-1.736397
16.000000	18.000000	-7.470916	-0.782624
16.000000	19.000000	2.800783	-3.490499
16.000000	20.000000	-2.758939	3.392424
17.000000	1.000000	-0.465451	0.189919
17.000000	2.000000	-0.473607	-0.510942
17.000000	3.000000	-0.540451	-0.452786
17.000000	4.000000	0.093237	0.289058
17.000000	5.000000	0.062664	-0.265451
17.000000	6.000000	-0.284017	0.472214
17.000000	7.000000	0.140451	0.134017
17.000000	8.000000	-0.390451	-0.217705
17.000000	9.000000	-0.010410	-0.222746
17.000000	10.000000	0.058688	0.214058
17.000000	11.000000	0.004508	-0.325000
17.000000	12.000000	0.183156	0.091312
17.000000	13.000000	0.231231	-0.214590
17.000000	14.000000	-0.311803	0.169959
17.000000	15.000000	0.146353	0.398936
17.000000	16.000000	-0.027254	-0.019630
17.000000	17.000000	0.256763	-0.145492
17.000000	18.000000	-0.243566	0.317173
17.000000	19.000000	-0.679508	-0.175532
17.000000	20.000000	-0.129180	-0.067705
18.000000	1.000000	2.639841	2.854228
18.000000	2.000000	1.030698	4.479885
18.000000	3.000000	3.118817	5.011648
18.000000	4.000000	3.564638	2.239841
18.000000	5.000000	1.183814	4.345336
18.000000	6.000000	1.822010	4.554682
18.000000	7.000000	-0.706231	-0.071353
18.000000	8.000000	1.966766	4.345336
18.000000	9.000000	-0.020492	1.598732
18.000000	10.000000	5.070133	2.396604
18.000000	11.000000	-0.797542	4.304024
18.000000	12.000000	-0.704305	4.854682
18.000000	13.000000	-0.746681	5.541814
18.000000	14.000000	-0.469427	5.727225
18.000000	15.000000	-0.415780	6.196120
18.000000	16.000000	2.937916	4.423452
18.000000	17.000000	1.561929	1.971807
18.000000	18.000000	7.865015	0.269427
18.000000	19.000000	-1.701316	3.774516
18.000000	20.000000	2.967956	-3.282875
19.000000	1.000000	-3.805902	-4.808156
19.000000	2.000000	-1.194098	-6.737664
19.000000	3.000000	-4.505902	-7.656231
19.000000	4.000000	-5.860942	-3.913197
19.000000	5.000000	-1.978115	-6.765451
19.000000	6.000000	-2.664058	-7.841844
19.000000	7.000000	1.002254	-0.018566
19.000000	8.000000	-2.791844	-6.813197
19.000000	9.000000	0.043566	-2.364058
19.000000	10.000000	-8.262336	-4.091844
19.000000	11.000000	1.285942	-6.639058
19.000000	12.000000	0.956434	-7.946353
19.000000	13.000000	0.976925	-8.752254
19.000000	14.000000	1.071353	-9.436803
19.000000	15.000000	0.526393	-10.424468
19.000000	16.000000	-4.726393	-7.137664
19.000000	17.000000	-2.784017	-3.044959
19.000000	18.000000	-12.482295	-0.753115
19.000000	19.000000	3.432295	-5.931763
19.000000	20.000000	-4.673075	5.379508
