0.000000	1.000000	0.147673	9.921681
0.000000	2.000000	-0.991509	4.644194
0.000000	3.000000	-3.836269	6.954982
0.000000	4.000000	4.889675	7.271440
0.000000	5.000000	2.360527	6.333886
0.000000	6.000000	0.420134	5.124960
0.000000	7.000000	1.394018	12.218067
0.000000	8.000000	-12.347222	3.841574
0.000000	9.000000	-17.367353	11.609361
0.000000	10.000000	-12.095041	13.907076
0.000000	11.000000	-12.586278	12.445881
0.000000	12.000000	6.915851	3.843013
0.000000	13.000000	12.759175	4.987646
0.000000	14.000000	6.444951	6.821234
0.000000	15.000000	22.045087	1.093344
0.000000	16.000000	0.048715	14.115915
0.000000	17.000000	5.681529	12.140413
0.000000	18.000000	20.400882	-1.504512
0.000000	19.000000	14.381859	1.226329
0.000000	20.000000	11.126308	7.842856
1.000000	1.000000	-4.492208	19.861742
1.000000	2.000000	5.781546	10.083773
1.000000	3.000000	0.604792	14.596977
1.000000	4.000000	13.085653	15.510278
1.000000	5.000000	-6.012665	14.171556
1.000000	6.000000	-5.943998	13.092803
1.000000	7.000000	5.528435	14.584385
1.000000	8.000000	-8.958270	8.395026
1.000000	9.000000	-32.383265	23.442593
1.000000	10.000000	-31.964270	28.138522
1.000000	11.000000	-32.358920	25.722596
1.000000	12.000000	0.398621	11.019772
1.000000	13.000000	0.701340	6.597673
1.000000	14.000000	-7.012661	11.074900
1.000000	15.000000	53.704821	7.927900
1.000000	16.000000	4.253170	24.133826
1.000000	17.000000	8.482194	22.029178
1.000000	18.000000	50.042189	6.239461
1.000000	19.000000	45.318448	9.582958
1.000000	20.000000	27.788905	19.911597
2.000000	1.000000	-8.692361	27.857597
2.000000	2.000000	11.988663	14.536281
2.000000	3.000000	4.986652	20.810119
2.000000	4.000000	20.000716	22.230861
2.000000	5.000000	-13.797296	20.622014
2.000000	6.000000	-11.726291	19.779030
2.000000	7.000000	9.121690	15.523083
2.000000	8.000000	-4.692419	12.126714
2.000000	9.000000	-44.229278	32.981100
2.000000	10.000000	-48.704614	39.615574
2.000000	11.000000	-48.964046	36.481404
2.000000	12.000000	-6.157629	17.117840
2.000000	13.000000	-11.425147	7.561874
2.000000	14.000000	-19.783825	14.244477
2.000000	15.000000	80.107554	13.986418
2.000000	16.000000	8.041294	31.789350
2.000000	17.000000	10.452564	29.761573
2.000000	18.000000	74.785017	13.372672
2.000000	19.000000	71.818952	17.001541
2.000000	20.000000	41.731330	30.031252
3.000000	1.000000	-12.041645	33.126557
3.000000	2.000000	17.022246	17.565878
3.000000	3.000000	8.880383	24.986222
3.000000	4.000000	24.957970	26.775333
3.000000	5.000000	-20.231351	25.053846
3.000000	6.000000	-16.360733	24.529148
3.000000	7.000000	11.822051	14.942273
3.000000	8.000000	0.032758	14.671354
3.000000	9.000000	-51.745821	39.291187
3.000000	10.000000	-60.677410	47.214778
3.000000	11.000000	-60.776229	43.669158
3.000000	12.000000	-12.111127	21.540293
3.000000	13.000000	-22.433261	7.785866
3.000000	14.000000	-30.618411	16.019706
3.000000	15.000000	98.668800	18.675848
3.000000	16.000000	11.042281	36.333111
3.000000	17.000000	11.399763	34.580698
3.000000	18.000000	92.207366	19.196872
3.000000	19.000000	91.289316	22.755894
3.000000	20.000000	51.588802	37.211239
4.000000	1.000000	-14.212208	35.152859
4.000000	2.000000	20.389572	18.876003
4.000000	3.000000	11.904841	26.716498
4.000000	4.000000	27.472164	28.698849
4.000000	5.000000	-24.685021	27.033233
4.000000	6.000000	-19.393672	26.878183
4.000000	7.000000	13.365187	12.898809
4.000000	8.000000	4.754729	15.779861
4.000000	9.000000	-54.197122	41.755179
4.000000	10.000000	-66.710680	50.192270
4.000000	11.000000	-66.639212	46.582271
4.000000	12.000000	-16.879104	23.854233
4.000000	13.000000	-31.245451	7.247723
4.000000	14.000000	-38.455853	16.226814
4.000000	15.000000	107.571657	21.537155
4.000000	16.000000	12.962373	37.320334
4.000000	17.000000	11.231074	36.014823
4.000000	18.000000	100.603817	23.141949
4.000000	19.000000	101.823646	26.282742
4.000000	20.000000	56.396403	40.748731
5.000000	1.000000	-14.991582	33.738154
5.000000	2.000000	21.761026	18.338414
5.000000	3.000000	13.763969	25.831578
5.000000	4.000000	27.297191	27.813122
5.000000	5.000000	-26.722348	26.366419
5.000000	6.000000	-20.528223	26.596193
5.000000	7.000000	13.600045	9.592720
5.000000	8.000000	9.011274	15.343724
5.000000	9.000000	-51.343231	40.131883
5.000000	10.000000	-66.213843	48.256593
5.000000	11.000000	-65.979084	44.935586
5.000000	12.000000	-19.994836	23.833154
5.000000	13.000000	-36.999119	6.000122
5.000000	14.000000	-42.528968	14.845529
5.000000	15.000000	105.944651	22.290256
5.000000	16.000000	13.613617	34.654382
5.000000	17.000000	9.963009	33.923567
5.000000	18.000000	99.152464	24.821731
5.000000	19.000000	102.390769	27.236852
5.000000	20.000000	55.683531	40.297453
6.000000	1.000000	-14.303475	29.020923
6.000000	2.000000	21.002358	16.005734
6.000000	3.000000	14.275785	22.418083
6.000000	4.000000	24.450179	24.204852
6.000000	5.000000	-26.143907	23.118676
6.000000	6.000000	-19.653329	23.710783
6.000000	7.000000	12.503636	5.347629
6.000000	8.000000	12.385732	13.405637
6.000000	9.000000	-43.463507	34.580199
6.000000	10.000000	-59.235533	41.597225
6.000000	11.000000	-58.860464	38.890293
6.000000	12.000000	-21.153335	21.479120
6.000000	13.000000	-39.131055	4.165188
6.000000	14.000000	-42.439052	12.011060
6.000000	15.000000	93.947044	20.861431
6.000000	16.000000	12.932265	28.596218
6.000000	17.000000	7.719696	28.511635
6.000000	18.000000	87.995378	24.071789
6.000000	19.000000	92.935169	25.524829
6.000000	20.000000	49.519966	35.901580
7.000000	1.000000	-12.215244	21.462922
7.000000	2.000000	18.187834	12.106300
7.000000	3.000000	13.390187	16.810150
7.000000	4.000000	19.209813	18.227243
7.000000	5.000000	-23.006317	17.607916
7.000000	6.000000	-16.854630	18.504396
7.000000	7.000000	10.183285	0.579074
7.000000	8.000000	14.547789	10.155313
7.000000	9.000000	-31.329272	25.643564
7.000000	10.000000	-46.458837	30.866030
7.000000	11.000000	-45.980172	29.038147
7.000000	12.000000	-20.241198	17.022560
7.000000	13.000000	-37.432571	1.922536
7.000000	14.000000	-38.194906	8.000864
7.000000	15.000000	72.753246	17.390544
7.000000	16.000000	10.985013	19.738857
7.000000	17.000000	4.720725	20.308786
7.000000	18.000000	68.224691	20.965532
7.000000	19.000000	74.382427	21.314258
7.000000	20.000000	38.509043	27.991410
8.000000	1.000000	-8.931301	11.803981
8.000000	2.000000	13.592957	7.021818
8.000000	3.000000	11.193865	9.556722
8.000000	4.000000	12.089056	10.465424
8.000000	5.000000	-17.616709	10.373570
8.000000	6.000000	-12.406083	11.486670
8.000000	7.000000	6.866122	-4.246164
8.000000	8.000000	15.285807	5.910916
8.000000	9.000000	-16.128310	14.196758
8.000000	10.000000	-29.134427	17.113453
8.000000	11.000000	-28.599020	16.343545
8.000000	12.000000	-17.347711	10.899713
8.000000	13.000000	-32.069926	-0.508307
8.000000	14.000000	-30.211976	3.207488
8.000000	15.000000	44.437853	12.217350
8.000000	16.000000	7.962472	8.949320
8.000000	17.000000	1.259656	10.117972
8.000000	18.000000	41.775696	15.807023
8.000000	19.000000	48.548615	15.017299
8.000000	20.000000	23.728586	17.341245
9.000000	1.000000	-4.773099	0.989584
9.000000	2.000000	7.667507	1.249991
9.000000	3.000000	7.901809	1.367816
9.000000	4.000000	3.784939	1.679177
9.000000	5.000000	-10.502654	2.123788
9.000000	6.000000	-6.743141	3.344549
9.000000	7.000000	2.876856	-8.655758
9.000000	8.000000	14.527543	1.087917
9.000000	9.000000	0.651404	1.360275
9.000000	10.000000	-8.958135	1.685693
9.000000	11.000000	-8.418396	2.049123
9.000000	12.000000	-12.756110	3.709927
9.000000	13.000000	-23.568053	-2.889394
9.000000	14.000000	-19.271687	-1.899859
9.000000	15.000000	11.772574	5.848236
9.000000	16.000000	4.160508	-2.716240
9.000000	17.000000	-2.324716	-1.063261
9.000000	18.000000	11.237404	9.101212
9.000000	19.000000	17.962527	7.250342
9.000000	20.000000	6.625409	4.993599
10.000000	1.000000	-0.147673	-9.921681
10.000000	2.000000	0.991509	-4.644194
10.000000	3.000000	3.836269	-6.954982
10.000000	4.000000	-4.889675	-7.271440
10.000000	5.000000	-2.360527	-6.333886
10.000000	6.000000	-0.420134	-5.124960
10.000000	7.000000	-1.394018	-12.218067
10.000000	8.000000	12.347222	-3.841574
10.000000	9.000000	17.367353	-11.609361
10.000000	10.000000	12.095041	-13.907076
10.000000	11.000000	12.586278	-12.445881
10.000000	12.000000	-6.915851	-3.843013
10.000000	13.000000	-12.759175	-4.987646
10.000000	14.000000	-6.444951	-6.821234
10.000000	15.000000	-22.045087	-1.093344
10.000000	16.000000	-0.048715	-14.115915
10.000000	17.000000	-5.681529	-12.140413
10.000000	18.000000	-20.400882	1.504512
10.000000	19.000000	-14.381859	-1.226329
10.000000	20.000000	-11.126308	-7.842856
11.000000	1.000000	4.492208	-19.861742
11.000000	2.000000	-5.781546	-10.083773
11.000000	3.000000	-0.604792	-14.596977
11.000000	4.000000	-13.085653	-15.510278
11.000000	5.000000	6.012665	-14.171556
11.000000	6.000000	5.943998	-13.092803
11.000000	7.000000	-5.528435	-14.584385
11.000000	8.000000	8.958270	-8.395026
11.000000	9.000000	32.383265	-23.442593
11.000000	10.000000	31.964270	-28.138522
11.000000	11.000000	32.358920	-25.722596
11.000000	12.000000	-0.398621	-11.019772
11.000000	13.000000	-0.701340	-6.597673
11.000000	14.000000	7.012661	-11.074900
11.000000	15.000000	-53.704821	-7.927900
11.000000	16.000000	-4.253170	-24.133826
11.000000	17.000000	-8.482194	-22.029178
11.000000	18.000000	-50.042189	-6.239461
11.000000	19.000000	-45.318448	-9.582958
11.000000	20.000000	-27.788905	-19.911597
12.000000	1.000000	8.692361	-27.857597
12.000000	2.000000	-11.988663	-14.536281
12.000000	3.000000	-4.986652	-20.810119
12.000000	4.000000	-20.000716	-22.230861
12.000000	5.000000	13.797296	-20.622014
12.000000	6.000000	11.726291	-19.779030
12.000000	7.000000	-9.121690	-15.523083
12.000000	8.000000	4.692419	-12.126714
12.000000	9.000000	44.229278	-32.981100
12.000000	10.000000	48.704614	-39.615574
12.000000	11.000000	48.964046	-36.481404
12.000000	12.000000	6.157629	-17.117840
12.000000	13.000000	11.425147	-7.561874
12.000000	14.000000	19.783825	-14.244477
12.000000	15.000000	-80.107554	-13.986418
12.000000	16.000000	-8.041294	-31.789350
12.000000	17.000000	-10.452564	-29.761573
12.000000	18.000000	-74.785017	-13.372672
12.000000	19.000000	-71.818952	-17.001541
12.000000	20.000000	-41.731330	-30.031252
13.000000	1.000000	12.041645	-33.126557
13.000000	2.000000	-17.022246	-17.565878
13.000000	3.000000	-8.880383	-24.986222
13.000000	4.000000	-24.957970	-26.775333
13.000000	5.000000	20.231351	-25.053846
13.000000	6.000000	16.360733	-24.529148
13.000000	7.000000	-11.822051	-14.942273
13.000000	8.000000	-0.032758	-14.671354
13.000000	9.000000	51.745821	-39.291187
13.000000	10.000000	60.677410	-47.214778
13.000000	11.000000	60.776229	-43.669158
13.000000	12.000000	12.111127	-21.540293
13.000000	13.000000	22.433261	-7.785866
13.000000	14.000000	30.618411	-16.019706
13.000000	15.000000	-98.668800	-18.675848
13.000000	16.000000	-11.042281	-36.333111
13.000000	17.000000	-11.399763	-34.580698
13.000000	18.000000	-92.207366	-19.196872
13.000000	19.000000	-91.289316	-22.755894
13.000000	20.000000	-51.588802	-37.211239
14.000000	1.000000	14.212208	-35.152859
14.000000	2.000000	-20.389572	-18.876003
14.000000	3.000000	-11.904841	-26.716498
14.000000	4.000000	-27.472164	-28.698849
14.000000	5.000000	24.685021	-27.033233
14.000000	6.000000	19.393672	-26.878183
14.000000	7.000000	-13.365187	-12.898809
14.000000	8.000000	-4.754729	-15.779861
14.000000	9.000000	54.197122	-41.755179
14.000000	10.000000	66.710680	-50.192270
14.000000	11.000000	66.639212	-46.582271
14.000000	12.000000	16.879104	-23.854233
14.000000	13.000000	31.245451	-7.247723
14.000000	14.000000	38.455853	-16.226814
14.000000	15.000000	-107.571657	-21.537155
14.000000	16.000000	-12.962373	-37.320334
14.000000	17.000000	-11.231074	-36.014823
14.000000	18.000000	-100.603817	-23.141949
14.000000	19.000000	-101.823646	-26.282742
14.000000	20.000000	-56.396403	-40.748731
15.000000	1.000000	14.991582	-33.738154
15.000000	2.000000	-21.761026	-18.338414
15.000000	3.000000	-13.763969	-25.831578
15.000000	4.000000	-27.297191	-27.813122
15.000000	5.000000	26.722348	-26.366419
15.000000	6.000000	20.528223	-26.596193
15.000000	7.000000	-13.600045	-9.592720
15.000000	8.000000	-9.011274	-15.343724
15.000000	9.000000	51.343231	-40.131883
15.000000	10.000000	66.213843	-48.256593
15.000000	11.000000	65.979084	-44.935586
15.000000	12.000000	19.994836	-23.833154
15.000000	13.000000	36.999119	-6.000122
15.000000	14.000000	42.528968	-14.845529
15.000000	15.000000	-105.944651	-22.290256
15.000000	16.000000	-13.613617	-34.654382
15.000000	17.000000	-9.963009	-33.923567
15.000000	18.000000	-99.152464	-24.821731
15.000000	19.000000	-102.390769	-27.236852
15.000000	20.000000	-55.683531	-40.297453
16.000000	1.000000	14.303475	-29.020923
16.000000	2.000000	-21.002358	-16.005734
16.000000	3.000000	-14.275785	-22.418083
16.000000	4.000000	-24.450179	-24.204852
16.000000	5.000000	26.143907	-23.118676
16.000000	6.000000	19.653329	-23.710783
16.000000	7.000000	-12.503636	-5.347629
16.000000	8.000000	-12.385732	-13.405637
16.000000	9.000000	43.463507	-34.580199
16.000000	10.000000	59.235533	-41.597225
16.000000	11.000000	58.860464	-38.890293
16.000000	12.000000	21.153335	-21.479120
16.000000	13.000000	39.131055	-4.165188
16.000000	14.000000	42.439052	-12.011060
16.000000	15.000000	-93.947044	-20.861431
16.000000	16.000000	-12.932265	-28.596218
16.000000	17.000000	-7.719696	-28.511635
16.000000	18.000000	-87.995378	-24.071789
16.000000	19.000000	-92.935169	-25.524829
16.000000	20.000000	-49.519966	-35.901580
17.000000	1.000000	12.215244	-21.462922
17.000000	2.000000	-18.187834	-12.106300
17.000000	3.000000	-13.390187	-16.810150
17.000000	4.000000	-19.209813	-18.227243
17.000000	5.000000	23.006317	-17.607916
17.000000	6.000000	16.854630	-18.504396
17.000000	7.000000	-10.183285	-0.579074
17.000000	8.000000	-14.547789	-10.155313
17.000000	9.000000	31.329272	-25.643564
17.000000	10.000000	46.458837	-30.866030
17.000000	11.000000	45.980172	-29.038147
17.000000	12.000000	20.241198	-17.022560
17.000000	13.000000	37.432571	-1.922536
17.000000	14.000000	38.194906	-8.000864
17.000000	15.000000	-72.753246	-17.390544
17.000000	16.000000	-10.985013	-19.738857
17.000000	17.000000	-4.720725	-20.308786
17.000000	18.000000	-68.224691	-20.965532
17.000000	19.000000	-74.382427	-21.314258
17.000000	20.000000	-38.509043	-27.991410
18.000000	1.000000	8.931301	-11.803981
18.000000	2.000000	-13.592957	-7.021818
18.000000	3.000000	-11.193865	-9.556722
18.000000	4.000000	-12.089056	-10.465424
18.000000	5.000000	17.616709	-10.373570
18.000000	6.000000	12.406083	-11.486670
18.000000	7.000000	-6.866122	4.246164
18.000000	8.000000	-15.285807	-5.910916
18.000000	9.000000	16.128310	-14.196758
18.000000	10.000000	29.134427	-17.113453
18.000000	11.000000	28.599020	-16.343545
18.000000	12.000000	17.347711	-10.899713
18.000000	13.000000	32.069926	0.508307
18.000000	14.000000	30.211976	-3.207488
18.000000	15.000000	-44.437853	-12.217350
18.000000	16.000000	-7.962472	-8.949320
18.000000	17.000000	-1.259656	-10.117972
18.000000	18.000000	-41.775696	-15.807023
18.000000	19.000000	-48.548615	-15.017299
18.000000	20.000000	-23.728586	-17.341245
19.000000	1.000000	4.773099	-0.989584
19.000000	2.000000	-7.667507	-1.249991
19.000000	3.000000	-7.901809	-1.367816
19.000000	4.000000	-3.784939	-1.679177
19.000000	5.000000	10.502654	-2.123788
19.000000	6.000000	6.743141	-3.344549
19.000000	7.000000	-2.876856	8.655758
19.000000	8.000000	-14.527543	-1.087917
19.000000	9.000000	-0.651404	-1.360275
19.000000	10.000000	8.958135	-1.685693
19.000000	11.000000	8.418396	-2.049123
19.000000	12.000000	12.756110	-3.709927
19.000000	13.000000	23.568053	2.889394
19.000000	14.000000	19.271687	1.899859
19.000000	15.000000	-11.772574	-5.848236
19.000000	16.000000	-4.160508	2.716240
19.000000	17.000000	2.324716	1.063261
19.000000	18.000000	-11.237404	-9.101212
19.000000	19.000000	-17.962527	-7.250342
19.000000	20.000000	-6.625409	-4.993599
