0.000000	1.000000	1.291223	12.014370
0.000000	2.000000	7.986542	0.672948
0.000000	3.000000	-4.439998	4.790052
0.000000	4.000000	16.066254	9.722956
0.000000	5.000000	14.503057	12.281598
0.000000	6.000000	6.221987	1.132504
0.000000	7.000000	-5.016514	6.515177
0.000000	8.000000	-1.465843	15.163924
0.000000	9.000000	6.906030	7.127134
0.000000	10.000000	6.780992	8.599966
0.000000	11.000000	24.465101	9.000998
0.000000	12.000000	11.371839	16.193053
0.000000	13.000000	-3.720888	-1.428451
0.000000	14.000000	14.219379	13.980767
0.000000	15.000000	-34.081196	-3.463034
0.000000	16.000000	-4.357981	14.563155
0.000000	17.000000	6.996564	11.466648
0.000000	18.000000	-16.961101	7.332046
0.000000	19.000000	-27.161300	4.808933
0.000000	20.000000	-4.812328	20.350870
1.000000	1.000000	9.336218	28.681736
1.000000	2.000000	8.597725	8.019886
1.000000	3.000000	-7.295503	11.120954
1.000000	4.000000	43.239194	18.528920
1.000000	5.000000	4.087953	27.387719
1.000000	6.000000	36.999752	-5.882414
1.000000	7.000000	-10.311931	14.639441
1.000000	8.000000	15.976348	30.500170
1.000000	9.000000	-14.512288	13.767555
1.000000	10.000000	20.096942	20.828938
1.000000	11.000000	15.589480	23.215379
1.000000	12.000000	39.812751	21.842339
1.000000	13.000000	-22.988422	6.956003
1.000000	14.000000	39.833014	21.313862
1.000000	15.000000	-41.043658	11.877578
1.000000	16.000000	-9.988912	32.306700
1.000000	17.000000	8.336074	18.967170
1.000000	18.000000	-43.725074	15.013148
1.000000	19.000000	-27.656665	21.974251
1.000000	20.000000	5.356648	41.636164
2.000000	1.000000	16.467319	42.541535
2.000000	2.000000	8.367302	14.581782
2.000000	3.000000	-9.436873	16.363258
2.000000	4.000000	66.179581	25.521143
2.000000	5.000000	-6.727308	39.812939
2.000000	6.000000	64.155723	-12.321519
2.000000	7.000000	-14.597945	21.330695
2.000000	8.000000	31.854663	42.850846
2.000000	9.000000	-34.510042	19.060313
2.000000	10.000000	31.445662	31.019028
2.000000	11.000000	5.187852	35.157277
2.000000	12.000000	64.356513	25.353545
2.000000	13.000000	-40.005689	14.659555
2.000000	14.000000	61.547516	26.560607
2.000000	15.000000	-43.988481	26.055530
2.000000	16.000000	-14.642058	46.887841
2.000000	17.000000	8.859590	24.611053
2.000000	18.000000	-66.208932	21.224658
2.000000	19.000000	-25.444803	36.988576
2.000000	20.000000	15.001278	58.845820
3.000000	1.000000	21.986485	52.237072
3.000000	2.000000	7.317829	19.716312
3.000000	3.000000	-10.654496	20.003814
3.000000	4.000000	82.641849	30.015180
3.000000	5.000000	-16.884054	48.340991
3.000000	6.000000	85.031686	-17.554509
3.000000	7.000000	-17.455011	25.933952
3.000000	8.000000	44.614821	51.006983
3.000000	9.000000	-51.129713	22.487314
3.000000	10.000000	39.716263	38.172760
3.000000	11.000000	-5.721600	43.657736
3.000000	12.000000	82.600612	26.382969
3.000000	13.000000	-53.106921	20.928127
3.000000	14.000000	77.237318	29.207416
3.000000	15.000000	-42.627405	37.682986
3.000000	16.000000	-17.861937	56.879272
3.000000	17.000000	8.515868	27.845835
3.000000	18.000000	-82.211798	25.358551
3.000000	19.000000	-20.742226	48.382202
3.000000	20.000000	23.177478	70.295238
4.000000	1.000000	25.353460	56.819280
4.000000	2.000000	5.552036	22.920872
4.000000	3.000000	-10.829183	21.686256
4.000000	4.000000	91.014558	31.571121
4.000000	5.000000	-25.388070	52.137091
4.000000	6.000000	97.584154	-21.069141
4.000000	7.000000	-18.603458	27.998613
4.000000	8.000000	53.007770	54.170201
4.000000	9.000000	-62.744451	23.713100
4.000000	10.000000	44.099158	41.589876
4.000000	11.000000	-16.070981	47.884671
4.000000	12.000000	92.759187	24.829845
4.000000	13.000000	-61.009677	25.148109
4.000000	14.000000	85.366594	28.995199
4.000000	15.000000	-37.093662	45.621768
4.000000	16.000000	-19.333366	61.302965
4.000000	17.000000	7.338554	28.354873
4.000000	18.000000	-90.167201	27.010172
4.000000	19.000000	-14.009256	55.039840
4.000000	20.000000	29.084906	74.863668
5.000000	1.000000	26.238661	55.839621
5.000000	2.000000	3.242771	23.881777
5.000000	3.000000	-9.943834	21.245897
5.000000	4.000000	90.478127	30.036661
5.000000	5.000000	-31.406926	50.829648
5.000000	6.000000	100.584406	-22.521378
5.000000	7.000000	-17.930869	27.322574
5.000000	8.000000	56.211949	52.030862
5.000000	9.000000	-68.217326	22.617683
5.000000	10.000000	44.165321	40.935885
5.000000	11.000000	-24.847222	47.424322
5.000000	12.000000	93.837846	20.846202
5.000000	13.000000	-62.940381	26.906418
5.000000	14.000000	85.139592	25.944730
5.000000	15.000000	-27.928932	49.094774
5.000000	16.000000	-18.912310	59.725896
5.000000	17.000000	5.442891	26.088338
5.000000	18.000000	-89.296410	26.017850
5.000000	19.000000	-5.904963	56.309796
5.000000	20.000000	32.145300	72.103920
6.000000	1.000000	24.555440	49.393991
6.000000	2.000000	0.616082	22.504967
6.000000	3.000000	-8.085113	18.725841
6.000000	4.000000	81.085067	25.562004
6.000000	5.000000	-34.351452	44.546646
6.000000	6.000000	93.738755	-21.769066
6.000000	7.000000	-15.503082	23.972012
6.000000	8.000000	53.913711	44.798380
6.000000	9.000000	-67.012613	19.308289
6.000000	10.000000	39.908275	36.274805
6.000000	11.000000	-31.191245	42.321749
6.000000	12.000000	85.731004	14.821988
6.000000	13.000000	-58.710042	26.030940
6.000000	14.000000	76.578534	20.354610
6.000000	15.000000	-16.030324	47.762041
6.000000	16.000000	-16.639985	52.302440
6.000000	17.000000	3.014440	21.268095
6.000000	18.000000	-79.684664	22.478719
6.000000	19.000000	2.777350	52.067756
6.000000	20.000000	32.059088	62.286138
7.000000	1.000000	20.468561	38.113333
7.000000	2.000000	-2.070915	18.925215
7.000000	3.000000	-5.434965	14.372769
7.000000	4.000000	63.754835	18.585159
7.000000	5.000000	-33.933420	33.903107
7.000000	6.000000	77.717302	-18.885847
7.000000	7.000000	-11.557745	18.274902
7.000000	8.000000	46.338023	33.180721
7.000000	9.000000	-59.248238	14.108866
7.000000	10.000000	31.744728	28.062894
7.000000	11.000000	-34.482051	33.076428
7.000000	12.000000	69.232213	7.346894
7.000000	13.000000	-48.732755	22.607372
7.000000	14.000000	60.521436	12.772039
7.000000	15.000000	-2.562557	41.754027
7.000000	16.000000	-12.738823	39.759257
7.000000	17.000000	0.290914	14.365983
7.000000	18.000000	-62.272828	16.739214
7.000000	19.000000	11.187796	42.728961
7.000000	20.000000	28.834709	46.371356
8.000000	1.000000	14.378077	23.101877
8.000000	2.000000	-4.555195	13.492930
8.000000	3.000000	-2.252805	8.612791
8.000000	4.000000	40.183836	9.789070
8.000000	5.000000	-30.193747	19.940896
8.000000	6.000000	54.088337	-14.153949
8.000000	7.000000	-6.481056	10.788917
8.000000	8.000000	34.226446	18.315101
8.000000	9.000000	-45.684233	7.528368
8.000000	10.000000	20.473787	17.103991
8.000000	11.000000	-34.397513	20.593357
8.000000	12.000000	45.956491	-0.847365
8.000000	13.000000	-33.985166	16.970837
8.000000	14.000000	38.540078	3.939252
8.000000	15.000000	11.156052	31.658838
8.000000	16.000000	-7.590696	23.324161
8.000000	17.000000	-2.461088	6.057628
8.000000	18.000000	-38.765293	9.361159
8.000000	19.000000	18.503103	29.207559
8.000000	20.000000	22.787788	25.917421
9.000000	1.000000	6.880166	5.829047
9.000000	2.000000	-6.593582	6.739864
9.000000	3.000000	1.149876	2.009733
9.000000	4.000000	12.679363	0.034758
9.000000	5.000000	-23.498501	4.026732
9.000000	6.000000	25.164830	-8.036564
9.000000	7.000000	-0.769955	2.246838
9.000000	8.000000	18.764547	1.656672
9.000000	9.000000	-27.648338	0.210941
9.000000	10.000000	7.198728	4.470831
9.000000	11.000000	-30.945908	6.094464
9.000000	12.000000	18.182228	-8.958678
9.000000	13.000000	-15.910873	9.673078
9.000000	14.000000	12.786148	-5.279137
9.000000	15.000000	23.782629	18.464661
9.000000	16.000000	-1.699539	4.605934
9.000000	17.000000	-4.972182	-2.843690
9.000000	18.000000	-11.463142	1.066768
9.000000	19.000000	24.007197	12.827116
9.000000	20.000000	14.510240	2.926510
10.000000	1.000000	-1.291223	-12.014370
10.000000	2.000000	-7.986542	-0.672948
10.000000	3.000000	4.439998	-4.790052
10.000000	4.000000	-16.066254	-9.722956
10.000000	5.000000	-14.503057	-12.281598
10.000000	6.000000	-6.221987	-1.132504
10.000000	7.000000	5.016514	-6.515177
10.000000	8.000000	1.465843	-15.163924
10.000000	9.000000	-6.906030	-7.127134
10.000000	10.000000	-6.780992	-8.599966
10.000000	11.000000	-24.465101	-9.000998
10.000000	12.000000	-11.371839	-16.193053
10.000000	13.000000	3.720888	1.428451
10.000000	14.000000	-14.219379	-13.980767
10.000000	15.000000	34.081196	3.463034
10.000000	16.000000	4.357981	-14.563155
10.000000	17.000000	-6.996564	-11.466648
10.000000	18.000000	16.961101	-7.332046
10.000000	19.000000	27.161300	-4.808933
10.000000	20.000000	4.812328	-20.350870
11.000000	1.000000	-9.336218	-28.681736
11.000000	2.000000	-8.597725	-8.019886
11.000000	3.000000	7.295503	-11.120954
11.000000	4.000000	-43.239194	-18.528920
11.000000	5.000000	-4.087953	-27.387719
11.000000	6.000000	-36.999752	5.882414
11.000000	7.000000	10.311931	-14.639441
11.000000	8.000000	-15.976348	-30.500170
11.000000	9.000000	14.512288	-13.767555
11.000000	10.000000	-20.096942	-20.828938
11.000000	11.000000	-15.589480	-23.215379
11.000000	12.000000	-39.812751	-21.842339
11.000000	13.000000	22.988422	-6.956003
11.000000	14.000000	-39.833014	-21.313862
11.000000	15.000000	41.043658	-11.877578
11.000000	16.000000	9.988912	-32.306700
11.000000	17.000000	-8.336074	-18.967170
11.000000	18.000000	43.725074	-15.013148
11.000000	19.000000	27.656665	-21.974251
11.000000	20.000000	-5.356648	-41.636164
12.000000	1.000000	-16.467319	-42.541535
12.000000	2.000000	-8.367302	-14.581782
12.000000	3.000000	9.436873	-16.363258
12.000000	4.000000	-66.179581	-25.521143
12.000000	5.000000	6.727308	-39.812939
12.000000	6.000000	-64.155723	12.321519
12.000000	7.000000	14.597945	-21.330695
12.000000	8.000000	-31.854663	-42.850846
12.000000	9.000000	34.510042	-19.060313
12.000000	10.000000	-31.445662	-31.019028
12.000000	11.000000	-5.187852	-35.157277
12.000000	12.000000	-64.356513	-25.353545
12.000000	13.000000	40.005689	-14.659555
12.000000	14.000000	-61.547516	-26.560607
12.000000	15.000000	43.988481	-26.055530
12.000000	16.000000	14.642058	-46.887841
12.000000	17.000000	-8.859590	-24.611053
12.000000	18.000000	66.208932	-21.224658
12.000000	19.000000	25.444803	-36.988576
12.000000	20.000000	-15.001278	-58.845820
13.000000	1.000000	-21.986485	-52.237072
13.000000	2.000000	-7.317829	-19.716312
13.000000	3.000000	10.654496	-20.003814
13.000000	4.000000	-82.641849	-30.015180
13.000000	5.000000	16.884054	-48.340991
13.000000	6.000000	-85.031686	17.554509
13.000000	7.000000	17.455011	-25.933952
13.000000	8.000000	-44.614821	-51.006983
13.000000	9.000000	51.129713	-22.487314
13.000000	10.000000	-39.716263	-38.172760
13.000000	11.000000	5.721600	-43.657736
13.000000	12.000000	-82.600612	-26.382969
13.000000	13.000000	53.106921	-20.928127
13.000000	14.000000	-77.237318	-29.207416
13.000000	15.000000	42.627405	-37.682986
13.000000	16.000000	17.861937	-56.879272
13.000000	17.000000	-8.515868	-27.845835
13.000000	18.000000	82.211798	-25.358551
13.000000	19.000000	20.742226	-48.382202
13.000000	20.000000	-23.177478	-70.295238
14.000000	1.000000	-25.353460	-56.819280
14.000000	2.000000	-5.552036	-22.920872
14.000000	3.000000	10.829183	-21.686256
14.000000	4.000000	-91.014558	-31.571121
14.000000	5.000000	25.388070	-52.137091
14.000000	6.000000	-97.584154	21.069141
14.000000	7.000000	18.603458	-27.998613
14.000000	8.000000	-53.007770	-54.170201
14.000000	9.000000	62.744451	-23.713100
14.000000	10.000000	-44.099158	-41.589876
14.000000	11.000000	16.070981	-47.884671
14.000000	12.000000	-92.759187	-24.829845
14.000000	13.000000	61.009677	-25.148109
14.000000	14.000000	-85.366594	-28.995199
14.000000	15.000000	37.093662	-45.621768
14.000000	16.000000	19.333366	-61.302965
14.000000	17.000000	-7.338554	-28.354873
14.000000	18.000000	90.167201	-27.010172
14.000000	19.000000	14.009256	-55.039840
14.000000	20.000000	-29.084906	-74.863668
15.000000	1.000000	-26.238661	-55.839621
15.000000	2.000000	-3.242771	-23.881777
15.000000	3.000000	9.943834	-21.245897
15.000000	4.000000	-90.478127	-30.036661
15.000000	5.000000	31.406926	-50.829648
15.000000	6.000000	-100.584406	22.521378
15.000000	7.000000	17.930869	-27.322574
15.000000	8.000000	-56.211949	-52.030862
15.000000	9.000000	68.217326	-22.617683
15.000000	10.000000	-44.165321	-40.935885
15.000000	11.000000	24.847222	-47.424322
15.000000	12.000000	-93.837846	-20.846202
15.000000	13.000000	62.940381	-26.906418
15.000000	14.000000	-85.139592	-25.944730
15.000000	15.000000	27.928932	-49.094774
15.000000	16.000000	18.912310	-59.725896
15.000000	17.000000	-5.442891	-26.088338
15.000000	18.000000	89.296410	-26.017850
15.000000	19.000000	5.904963	-56.309796
15.000000	20.000000	-32.145300	-72.103920
16.000000	1.000000	-24.555440	-49.393991
16.000000	2.000000	-0.616082	-22.504967
16.000000	3.000000	8.085113	-18.725841
16.000000	4.000000	-81.085067	-25.562004
16.000000	5.000000	34.351452	-44.546646
16.000000	6.000000	-93.738755	21.769066
16.000000	7.000000	15.503082	-23.972012
16.000000	8.000000	-53.913711	-44.798380
16.000000	9.000000	67.012613	-19.308289
16.000000	10.000000	-39.908275	-36.274805
16.000000	11.000000	31.191245	-42.321749
16.000000	12.000000	-85.731004	-14.821988
16.000000	13.000000	58.710042	-26.030940
16.000000	14.000000	-76.578534	-20.354610
16.000000	15.000000	16.030324	-47.762041
16.000000	16.000000	16.639985	-52.302440
16.000000	17.000000	-3.014440	-21.268095
16.000000	18.000000	79.684664	-22.478719
16.000000	19.000000	-2.777350	-52.067756
16.000000	20.000000	-32.059088	-62.286138
17.000000	1.000000	-20.468561	-38.113333
17.000000	2.000000	2.070915	-18.925215
17.000000	3.000000	5.434965	-14.372769
17.000000	4.000000	-63.754835	-18.585159
17.000000	5.000000	33.933420	-33.903107
17.000000	6.000000	-77.717302	18.885847
17.000000	7.000000	11.557745	-18.274902
17.000000	8.000000	-46.338023	-33.180721
17.000000	9.000000	59.248238	-14.108866
17.000000	10.000000	-31.744728	-28.062894
17.000000	11.000000	34.482051	-33.076428
17.000000	12.000000	-69.232213	-7.346894
17.000000	13.000000	48.732755	-22.607372
17.000000	14.000000	-60.521436	-12.772039
17.000000	15.000000	2.562557	-41.754027
17.000000	16.000000	12.738823	-39.759257
17.000000	17.000000	-0.290914	-14.365983
17.000000	18.000000	62.272828	-16.739214
17.000000	19.000000	-11.187796	-42.728961
17.000000	20.000000	-28.834709	-46.371356
18.000000	1.000000	-14.378077	-23.101877
18.000000	2.000000	4.555195	-13.492930
18.000000	3.000000	2.252805	-8.612791
18.000000	4.000000	-40.183836	-9.789070
18.000000	5.000000	30.193747	-19.940896
18.000000	6.000000	-54.088337	14.153949
18.000000	7.000000	6.481056	-10.788917
18.000000	8.000000	-34.226446	-18.315101
18.000000	9.000000	45.684233	-7.528368
18.000000	10.000000	-20.473787	-17.103991
18.000000	11.000000	34.397513	-20.593357
18.000000	12.000000	-45.956491	0.847365
18.000000	13.000000	33.985166	-16.970837
18.000000	14.000000	-38.540078	-3.939252
18.000000	15.000000	-11.156052	-31.658838
18.000000	16.000000	7.590696	-23.324161
18.000000	17.000000	2.461088	-6.057628
18.000000	18.000000	38.765293	-9.361159
18.000000	19.000000	-18.503103	-29.207559
18.000000	20.000000	-22.787788	-25.917421
19.000000	1.000000	-6.880166	-5.829047
19.000000	2.000000	6.593582	-6.739864
19.000000	3.000000	-1.149876	-2.009733
19.000000	4.000000	-12.679363	-0.034758
19.000000	5.000000	23.498501	-4.026732
19.000000	6.000000	-25.164830	8.036564
19.000000	7.000000	0.769955	-2.246838
19.000000	8.000000	-18.764547	-1.656672
19.000000	9.000000	27.648338	-0.210941
19.000000	10.000000	-7.198728	-4.470831
19.000000	11.000000	30.945908	-6.094464
19.000000	12.000000	-18.182228	8.958678
19.000000	13.000000	15.910873	-9.673078
19.000000	14.000000	-12.786148	5.279137
19.000000	15.000000	-23.782629	-18.464661
19.000000	16.000000	1.699539	-4.605934
19.000000	17.000000	4.972182	2.843690
19.000000	18.000000	11.463142	-1.066768
19.000000	19.000000	-24.007197	-12.827116
19.000000	20.000000	-14.510240	-2.926510
